<?xml version="1.0" encoding="utf-8"?>
<COLLADA xmlns="http://www.collada.org/2005/11/COLLADASchema" version="1.4.1">
  <asset>
    <contributor>
      <author>Blender User</author>
      <authoring_tool>Blender 2.71.0 commit date:2014-06-25, commit time:18:36, hash:9337574</authoring_tool>
    </contributor>
    <created>2014-09-07T00:39:01</created>
    <modified>2014-09-07T00:39:01</modified>
    <unit name="meter" meter="1"/>
    <up_axis>Z_UP</up_axis>
  </asset>
  <library_images/>
  <library_effects/>
  <library_geometries>
    <geometry id="Plane_001-mesh" name="Plane.001">
      <mesh>
        <source id="Plane_001-mesh-positions">
          <float_array id="Plane_001-mesh-positions-array" count="12">-1 -1 0 1 -1 0 -1 1 0 1 1 0</float_array>
          <technique_common>
            <accessor source="#Plane_001-mesh-positions-array" count="4" stride="3">
              <param name="X" type="float"/>
              <param name="Y" type="float"/>
              <param name="Z" type="float"/>
            </accessor>
          </technique_common>
        </source>
        <source id="Plane_001-mesh-normals">
          <float_array id="Plane_001-mesh-normals-array" count="6">0 0 1 0 0 1</float_array>
          <technique_common>
            <accessor source="#Plane_001-mesh-normals-array" count="2" stride="3">
              <param name="X" type="float"/>
              <param name="Y" type="float"/>
              <param name="Z" type="float"/>
            </accessor>
          </technique_common>
        </source>
        <vertices id="Plane_001-mesh-vertices">
          <input semantic="POSITION" source="#Plane_001-mesh-positions"/>
        </vertices>
        <polylist count="2">
          <input semantic="VERTEX" source="#Plane_001-mesh-vertices" offset="0"/>
          <input semantic="NORMAL" source="#Plane_001-mesh-normals" offset="1"/>
          <vcount>3 3 </vcount>
          <p>0 0 1 0 3 0 2 1 0 1 3 1</p>
        </polylist>
      </mesh>
    </geometry>
  </library_geometries>
  <library_visual_scenes>
    <visual_scene id="Scene" name="Scene">
      <node id="loc_A-01_p01_s0_130_b01" name="loc_A-01_p01_s0_130_b01" type="NODE">
        <matrix sid="transform">-0.9238794 0.3826838 -1.22565e-6 -60.84159 -1.62266e-6 -7.14672e-7 1 94.46262 0.3826838 0.9238794 1.28124e-6 -146.8846 0 0 0 1</matrix>
      </node>
      <node id="loc_A-02_p01_s0_130_b02" name="loc_A-02_p01_s0_130_b02" type="NODE">
        <matrix sid="transform">-0.9238794 0.3826838 -1.22565e-6 -60.84153 -1.62266e-6 -7.14672e-7 1 -75.14723 0.3826838 0.9238794 1.28124e-6 -146.8845 0 0 0 1</matrix>
      </node>
      <node id="entrance_port01" name="entrance_port01" type="NODE">
        <matrix sid="transform">-1 -1.91485e-7 1.99477e-6 2.18279e-11 -1.99477e-6 6.39757e-7 -1 474.0389 1.91483e-7 -1 -6.39758e-7 0 0 0 0 1</matrix>
      </node>
      <node id="loc_B-02_p01_s0_130_b04" name="loc_B-02_p01_s0_130_b04" type="NODE">
        <matrix sid="transform">-0.382683 0.9238797 3.25487e-7 -146.8845 -1.33513e-6 -9.05331e-7 1 -75.14723 0.9238797 0.382683 1.57995e-6 -60.84149 0 0 0 1</matrix>
      </node>
      <node id="loc_B-01_p01_s0_130_b03" name="loc_B-01_p01_s0_130_b03" type="NODE">
        <matrix sid="transform">-0.382683 0.9238797 3.25487e-7 -146.8846 -1.33513e-6 -9.05331e-7 1 94.46262 0.9238797 0.382683 1.57995e-6 -60.84155 0 0 0 1</matrix>
      </node>
      <node id="loc_C-01_p01_s0_130_b05" name="loc_C-01_p01_s0_130_b05" type="NODE">
        <matrix sid="transform">0.3826842 0.9238792 1.34734e-6 -146.8845 -1.34309e-6 -9.02021e-7 1 94.46262 0.9238792 -0.3826842 8.95663e-7 60.84169 0 0 0 1</matrix>
      </node>
      <node id="loc_C-02_p01_s0_130_b06" name="loc_C-02_p01_s0_130_b06" type="NODE">
        <matrix sid="transform">0.3826842 0.9238792 1.34734e-6 -146.8844 -1.34309e-6 -9.02021e-7 1 -75.14723 0.9238792 -0.3826842 8.95663e-7 60.84164 0 0 0 1</matrix>
      </node>
      <node id="loc_D-02_p01_s0_130_b08" name="loc_D-02_p01_s0_130_b08" type="NODE">
        <matrix sid="transform">0.9238798 0.3826828 1.83086e-6 -60.84139 -1.62266e-6 -8.66833e-7 1 -75.14725 0.3826828 -0.9238798 -1.79886e-7 146.8846 0 0 0 1</matrix>
      </node>
      <node id="loc_D-01_p01_s0_130_b07" name="loc_D-01_p01_s0_130_b07" type="NODE">
        <matrix sid="transform">0.9238798 0.3826828 1.83086e-6 -60.84144 -1.62266e-6 -8.66833e-7 1 94.46262 0.3826828 -0.9238798 -1.79886e-7 146.8847 0 0 0 1</matrix>
      </node>
      <node id="loc_E-01_p01_s0_130_b09" name="loc_E-01_p01_s0_130_b09" type="NODE">
        <matrix sid="transform">0.9238787 -0.3826855 1.27126e-6 60.84178 -1.62266e-6 -5.9546e-7 1 94.46262 -0.3826855 -0.9238787 -1.1711e-6 146.8845 0 0 0 1</matrix>
      </node>
      <node id="loc_E-02_p01_s0_130_b10" name="loc_E-02_p01_s0_130_b10" type="NODE">
        <matrix sid="transform">0.9238787 -0.3826855 1.27126e-6 60.84174 -1.62266e-6 -5.9546e-7 1 -75.14724 -0.3826855 -0.9238787 -1.1711e-6 146.8844 0 0 0 1</matrix>
      </node>
      <node id="loc_F-02_p01_s0_130_b12" name="loc_F-02_p01_s0_130_b12" type="NODE">
        <matrix sid="transform">0.382681 -0.9238806 -4.53773e-7 146.8846 -1.24388e-6 -1.00639e-6 1 -75.14722 -0.9238806 -0.382681 -1.53432e-6 60.84131 0 0 0 1</matrix>
      </node>
      <node id="loc_F-01_p01_s0_130_b11" name="loc_F-01_p01_s0_130_b11" type="NODE">
        <matrix sid="transform">0.382681 -0.9238806 -4.53773e-7 146.8847 -1.24388e-6 -1.00639e-6 1 94.46262 -0.9238806 -0.382681 -1.53432e-6 60.84135 0 0 0 1</matrix>
      </node>
      <node id="loc_G-01_p01_s0_130_b13" name="loc_G-01_p01_s0_130_b13" type="NODE">
        <matrix sid="transform">-0.3826857 -0.9238786 -1.62157e-6 146.8844 -1.40589e-6 -1.17284e-6 1 94.46263 -0.9238786 0.3826857 -8.50046e-7 -60.84189 0 0 0 1</matrix>
      </node>
      <node id="loc_G-02_p01_s0_130_b14" name="loc_G-02_p01_s0_130_b14" type="NODE">
        <matrix sid="transform">-0.3826857 -0.9238786 -1.62157e-6 146.8843 -1.40589e-6 -1.17284e-6 1 -75.14723 -0.9238786 0.3826857 -8.50046e-7 -60.84184 0 0 0 1</matrix>
      </node>
      <node id="loc_H-02_p01_s0_130_b16" name="loc_H-02_p01_s0_130_b16" type="NODE">
        <matrix sid="transform">-0.9238803 -0.3826815 -2.06928e-6 60.84119 -1.84293e-6 -9.58069e-7 1 -75.14722 -0.3826815 0.9238803 1.79886e-7 -146.8846 0 0 0 1</matrix>
      </node>
      <node id="loc_H-01_p01_s0_130_b15" name="loc_H-01_p01_s0_130_b15" type="NODE">
        <matrix sid="transform">-0.9238803 -0.3826815 -2.06928e-6 60.84124 -1.84293e-6 -9.58069e-7 1 94.46263 -0.3826815 0.9238803 1.79886e-7 -146.8847 0 0 0 1</matrix>
      </node>
      <node id="Plane" name="Plane" type="NODE">
        <matrix sid="transform">0.2063038 0 0 3.7279e-5 0 0.2063038 0 2.341423 0 0 0.2063038 -277.4586 0 0 0 1</matrix>
        <instance_geometry url="#Plane_001-mesh"/>
      </node>
    </visual_scene>
  </library_visual_scenes>
  <scene>
    <instance_visual_scene url="#Scene"/>
  </scene>
</COLLADA>