<?xml version="1.0" encoding="utf-8"?>
<COLLADA xmlns="http://www.collada.org/2005/11/COLLADASchema" version="1.4.1">
  <asset>
    <contributor>
      <author>Blender User</author>
      <authoring_tool>Blender 2.78.0 commit date:2016-10-24, commit time:12:20, hash:e8299c8</authoring_tool>
    </contributor>
    <created>2017-01-15T19:39:05</created>
    <modified>2017-01-15T19:39:05</modified>
    <unit name="meter" meter="1"/>
    <up_axis>Z_UP</up_axis>
  </asset>
  <library_images/>
  <library_effects/>
  <library_geometries>
    <geometry id="collision_pad01-mesh" name="collision_pad01">
      <mesh>
        <source id="collision_pad01-mesh-positions">
          <float_array id="collision_pad01-mesh-positions-array" count="54">22.67104 -9.390645 0.1798553 22.67104 9.390656 0.1798553 9.390652 22.67104 0.1798553 -9.390658 22.67104 0.1798553 -22.67104 9.39065 0.1798553 -22.67104 -9.390658 0.1798553 -9.390652 -22.67104 0.1798553 9.390656 -22.67104 0.1798553 2.05293e-7 2.1878e-7 0.1798553 22.72089 -9.411293 0 22.72088 9.411301 0 9.411296 22.72088 0 -9.411301 22.72089 0 -22.72089 9.411294 0 -22.72088 -9.411301 0 -9.411294 -22.72089 0 9.411301 -22.72088 0 4.3481e-7 6.06262e-7 -4.57764e-5</float_array>
          <technique_common>
            <accessor source="#collision_pad01-mesh-positions-array" count="18" stride="3">
              <param name="X" type="float"/>
              <param name="Y" type="float"/>
              <param name="Z" type="float"/>
            </accessor>
          </technique_common>
        </source>
        <source id="collision_pad01-mesh-normals">
          <float_array id="collision_pad01-mesh-normals-array" count="90">0 0 1 0 0 1 0 0 1 0 0 1 0 0 1 0 0 1 -0.6814296 -0.6814301 0.2670336 -0.6814196 0.6814194 0.267086 0.6814272 0.6814276 0.2670459 0.6814276 -0.681427 0.2670463 5.85893e-7 -0.9636705 0.2670942 -0.963669 -5.42944e-7 0.2670999 0 0.9636902 0.2670233 0.963669 5.42944e-7 0.2670999 1.42463e-6 -1.42463e-6 -1 1.42463e-6 1.42463e-6 -1 -1.42463e-6 1.42463e-6 -1 -1.42463e-6 -1.42463e-6 -1 2.01473e-6 0 -1 0 2.01473e-6 -1 -2.01473e-6 0 -1 0 -2.01473e-6 -1 -0.6814228 -0.6814225 0.2670699 -0.6814222 0.6814218 0.2670736 0.6814281 0.6814284 0.2670413 0.6814162 -0.6814165 0.2671022 0 -0.9636852 0.2670412 -0.9636847 0 0.267043 5.85887e-7 0.9636615 0.2671265 0.9636847 0 0.267043</float_array>
          <technique_common>
            <accessor source="#collision_pad01-mesh-normals-array" count="30" stride="3">
              <param name="X" type="float"/>
              <param name="Y" type="float"/>
              <param name="Z" type="float"/>
            </accessor>
          </technique_common>
        </source>
        <vertices id="collision_pad01-mesh-vertices">
          <input semantic="POSITION" source="#collision_pad01-mesh-positions"/>
        </vertices>
        <polylist count="32">
          <input semantic="VERTEX" source="#collision_pad01-mesh-vertices" offset="0"/>
          <input semantic="NORMAL" source="#collision_pad01-mesh-normals" offset="1"/>
          <vcount>3 3 3 3 3 3 3 3 3 3 3 3 3 3 3 3 3 3 3 3 3 3 3 3 3 3 3 3 3 3 3 3 </vcount>
          <p>3 0 8 0 2 0 5 1 8 1 4 1 7 0 8 0 6 0 0 0 8 0 7 0 2 2 8 2 1 2 1 3 8 3 0 3 6 4 8 4 5 4 4 5 8 5 3 5 6 6 5 6 14 6 3 7 12 7 13 7 1 8 10 8 11 8 0 9 7 9 16 9 6 10 15 10 16 10 4 11 13 11 14 11 3 12 2 12 11 12 0 13 9 13 10 13 9 14 16 14 17 14 11 15 10 15 17 15 13 16 12 16 17 16 15 17 14 17 17 17 10 18 9 18 17 18 12 19 11 19 17 19 14 20 13 20 17 20 16 21 15 21 17 21 15 22 6 22 14 22 4 23 3 23 13 23 2 24 1 24 11 24 9 25 0 25 16 25 7 26 6 26 16 26 5 27 4 27 14 27 12 28 3 28 11 28 1 29 0 29 10 29</p>
        </polylist>
      </mesh>
    </geometry>
    <geometry id="collision_pad03_006-mesh" name="collision_pad03.006">
      <mesh>
        <source id="collision_pad03_006-mesh-positions">
          <float_array id="collision_pad03_006-mesh-positions-array" count="54">10.81986 -4.481727 0.9054756 10.81985 4.481732 0.9054756 4.48173 10.81985 0.9054756 -4.481732 10.81986 0.9054756 -10.81986 4.481729 0.9054756 -10.81985 -4.481732 0.9054756 -4.481729 -10.81986 0.9054756 4.481732 -10.81986 0.9054756 1.60397e-7 2.45435e-7 0.9054756 10.88634 -4.509263 0 10.88633 4.509269 0 4.509267 10.88633 0 -4.509269 10.88634 0 -10.88634 4.509266 0 -10.88633 -4.509269 0 -4.509266 -10.88634 0 4.509269 -10.88634 0 2.08332e-7 2.90481e-7 -4.57764e-5</float_array>
          <technique_common>
            <accessor source="#collision_pad03_006-mesh-positions-array" count="18" stride="3">
              <param name="X" type="float"/>
              <param name="Y" type="float"/>
              <param name="Z" type="float"/>
            </accessor>
          </technique_common>
        </source>
        <source id="collision_pad03_006-mesh-normals">
          <float_array id="collision_pad03_006-mesh-normals-array" count="84">0 0 1 0 0 1 0 0 1 0 0 1 -0.705209 -0.7052084 0.0732221 -0.7052088 0.7052085 0.07322329 0.7052085 0.7052088 0.07322245 0.705209 -0.7052083 0.07322323 0 -0.9973158 0.07322186 -0.9973156 -1.16472e-6 0.07322353 1.06109e-6 0.9973156 0.07322376 0.9973157 1.16472e-6 0.07322353 2.97334e-6 -2.97334e-6 -1 2.97334e-6 2.97334e-6 -1 -2.97334e-6 2.97334e-6 -1 -2.97334e-6 -2.97334e-6 -1 4.20494e-6 0 -1 0 4.20494e-6 -1 -4.20494e-6 0 -1 0 -4.20494e-6 -1 -0.705209 -0.7052083 0.07322335 -0.7052089 0.7052084 0.07322317 0.7052086 0.7052088 0.07322233 0.7052089 -0.7052084 0.07322317 0 -0.9973156 0.07322424 -0.9973157 -9.37497e-7 0.07322251 1.16017e-6 0.9973156 0.07322424 0.9973157 9.37498e-7 0.07322251</float_array>
          <technique_common>
            <accessor source="#collision_pad03_006-mesh-normals-array" count="28" stride="3">
              <param name="X" type="float"/>
              <param name="Y" type="float"/>
              <param name="Z" type="float"/>
            </accessor>
          </technique_common>
        </source>
        <vertices id="collision_pad03_006-mesh-vertices">
          <input semantic="POSITION" source="#collision_pad03_006-mesh-positions"/>
        </vertices>
        <polylist count="32">
          <input semantic="VERTEX" source="#collision_pad03_006-mesh-vertices" offset="0"/>
          <input semantic="NORMAL" source="#collision_pad03_006-mesh-normals" offset="1"/>
          <vcount>3 3 3 3 3 3 3 3 3 3 3 3 3 3 3 3 3 3 3 3 3 3 3 3 3 3 3 3 3 3 3 3 </vcount>
          <p>3 0 8 0 2 0 5 1 8 1 4 1 7 0 8 0 6 0 0 0 8 0 7 0 2 2 8 2 1 2 1 3 8 3 0 3 6 0 8 0 5 0 4 0 8 0 3 0 6 4 5 4 14 4 3 5 12 5 13 5 1 6 10 6 11 6 7 7 16 7 9 7 7 8 6 8 15 8 4 9 13 9 14 9 3 10 2 10 11 10 0 11 9 11 10 11 9 12 16 12 17 12 11 13 10 13 17 13 13 14 12 14 17 14 15 15 14 15 17 15 10 16 9 16 17 16 12 17 11 17 17 17 14 18 13 18 17 18 16 19 15 19 17 19 15 20 6 20 14 20 4 21 3 21 13 21 2 22 1 22 11 22 0 23 7 23 9 23 16 24 7 24 15 24 5 25 4 25 14 25 12 26 3 26 11 26 1 27 0 27 10 27</p>
        </polylist>
      </mesh>
    </geometry>
  </library_geometries>
  <library_controllers/>
  <library_visual_scenes>
    <visual_scene id="Scene" name="Scene">
      <node id="collision_pad01" name="collision_pad01" type="NODE">
        <matrix sid="transform">1 0 0 120.4882 0 1 0 -0.6601483 0 0 1 40 0 0 0 1</matrix>
        <instance_geometry url="#collision_pad01-mesh" name="collision_pad01"/>
      </node>
      <node id="loc_A001_p01_s20_75_b01" name="loc_A001_p01_s20_75_b01" type="NODE">
        <matrix sid="transform">9.09963e-7 6.39728e-7 1 119.9391 0 1 -6.39728e-7 40.00722 -1 5.82129e-13 9.09963e-7 0.5768433 0 0 0 1</matrix>
      </node>
      <node id="entrance_port01" name="entrance_port01" type="NODE">
        <matrix sid="transform">9.09963e-7 6.39728e-7 1 119.9391 0 1 -6.39728e-7 40.00722 -1 5.82129e-13 9.09963e-7 0.5768433 0 0 0 1</matrix>
      </node>
      <node id="entrance_port02" name="entrance_port02" type="NODE">
        <matrix sid="transform">-0.7071076 4.52304e-7 0.7071059 85.32815 -4.52449e-7 1 -1.0921e-6 40.00717 -0.7071059 -1.09217e-6 -0.7071076 -84.34807 0 0 0 1</matrix>
      </node>
      <node id="loc_A002_p02_s20_75_b02" name="loc_A002_p02_s20_75_b02" type="NODE">
        <matrix sid="transform">-0.7071076 4.52304e-7 0.7071059 85.32815 -4.52449e-7 1 -1.0921e-6 40.00717 -0.7071059 -1.09217e-6 -0.7071076 -84.34807 0 0 0 1</matrix>
      </node>
      <node id="loc_A003_p03_s20_75_b03" name="loc_A003_p03_s20_75_b03" type="NODE">
        <matrix sid="transform">-1 -9.00154e-13 -1.34309e-6 -0.1073951 8.18395e-13 1 -1.27955e-6 40.00714 1.34309e-6 -1.27955e-6 -1 -120.4085 0 0 0 1</matrix>
      </node>
      <node id="entrance_port03" name="entrance_port03" type="NODE">
        <matrix sid="transform">-1 -9.00154e-13 -1.34309e-6 -0.1073951 8.18395e-13 1 -1.27955e-6 40.00714 1.34309e-6 -1.27955e-6 -1 -120.4085 0 0 0 1</matrix>
      </node>
      <node id="entrance_port04" name="entrance_port04" type="NODE">
        <matrix sid="transform">-0.7071076 -4.52304e-7 -0.7071059 -84.71077 4.52449e-7 1 -1.0921e-6 40.00717 0.7071059 -1.09217e-6 -0.7071076 -84.07068 0 0 0 1</matrix>
      </node>
      <node id="loc_A004_p04_s20_75_b04" name="loc_A004_p04_s20_75_b04" type="NODE">
        <matrix sid="transform">-0.7071076 -4.52304e-7 -0.7071059 -84.71077 4.52449e-7 1 -1.0921e-6 40.00717 0.7071059 -1.09217e-6 -0.7071076 -84.07068 0 0 0 1</matrix>
      </node>
      <node id="loc_A005_p05_s20_75_b05" name="loc_A005_p05_s20_75_b05" type="NODE">
        <matrix sid="transform">9.09963e-7 -6.39728e-7 -1 -119.9391 0 1 -6.39728e-7 40.00722 1 5.82129e-13 9.09963e-7 -0.5768509 0 0 0 1</matrix>
      </node>
      <node id="entrance_port05" name="entrance_port05" type="NODE">
        <matrix sid="transform">9.09963e-7 -6.39728e-7 -1 -119.9391 0 1 -6.39728e-7 40.00722 1 5.82129e-13 9.09963e-7 -0.5768509 0 0 0 1</matrix>
      </node>
      <node id="entrance_port06" name="entrance_port06" type="NODE">
        <matrix sid="transform">0.7071065 -4.52364e-7 -0.707107 -85.2661 4.5239e-7 1 -1.8735e-7 40.00727 0.707107 -1.87411e-7 0.7071065 85.1347 0 0 0 1</matrix>
      </node>
      <node id="loc_A006_p06_s20_75_b06" name="loc_A006_p06_s20_75_b06" type="NODE">
        <matrix sid="transform">0.7071065 -4.52364e-7 -0.707107 -85.2661 4.5239e-7 1 -1.8735e-7 40.00727 0.707107 -1.87411e-7 0.7071065 85.1347 0 0 0 1</matrix>
      </node>
      <node id="loc_B001_p07_s0_20_b07" name="loc_B001_p07_s0_20_b07" type="NODE">
        <matrix sid="transform">1 0 0 -20.55647 0 1 3.03828e-11 40.00729 0 -3.03828e-11 1 100.0678 0 0 0 1</matrix>
      </node>
      <node id="entrance_port07" name="entrance_port07" type="NODE">
        <matrix sid="transform">1 0 0 -20.55647 0 1 3.03828e-11 40.00729 0 -3.03828e-11 1 100.0678 0 0 0 1</matrix>
      </node>
      <node id="entrance_port08" name="entrance_port08" type="NODE">
        <matrix sid="transform">1 0 0 21.3627 0 1 3.03828e-11 40.00729 0 -3.03828e-11 1 100.2031 0 0 0 1</matrix>
      </node>
      <node id="loc_B002_p08_s0_20_b08" name="loc_B002_p08_s0_20_b08" type="NODE">
        <matrix sid="transform">1 0 0 21.3627 0 1 3.03828e-11 40.00729 0 -3.03828e-11 1 100.2031 0 0 0 1</matrix>
      </node>
      <node id="loc_B004_p10_s0_20_b10" name="loc_B004_p10_s0_20_b10" type="NODE">
        <matrix sid="transform">1 0 0 21.63339 0 1 3.03828e-11 40.00731 0 -3.03828e-11 1 139.6557 0 0 0 1</matrix>
      </node>
      <node id="entrance_port010" name="entrance_port010" type="NODE">
        <matrix sid="transform">1 0 0 21.63339 0 1 3.03828e-11 40.00731 0 -3.03828e-11 1 139.6557 0 0 0 1</matrix>
      </node>
      <node id="entrance_port09" name="entrance_port09" type="NODE">
        <matrix sid="transform">1 0 0 -20.10849 0 1 3.03828e-11 40.00731 0 -3.03828e-11 1 139.791 0 0 0 1</matrix>
      </node>
      <node id="loc_B003_p09_s0_20_b09" name="loc_B003_p09_s0_20_b09" type="NODE">
        <matrix sid="transform">1 0 0 -20.10849 0 1 3.03828e-11 40.00731 0 -3.03828e-11 1 139.791 0 0 0 1</matrix>
      </node>
      <node id="loc_B007_p13_s0_20_b13" name="loc_B007_p13_s0_20_b13" type="NODE">
        <matrix sid="transform">0.7071065 4.52364e-7 0.707107 85.01153 -4.5239e-7 1 -1.8735e-7 40.00729 -0.707107 -1.87411e-7 0.7071065 113.0646 0 0 0 1</matrix>
      </node>
      <node id="entrance_port013" name="entrance_port013" type="NODE">
        <matrix sid="transform">0.7071065 4.52364e-7 0.707107 85.01153 -4.5239e-7 1 -1.8735e-7 40.00729 -0.707107 -1.87411e-7 0.7071065 113.0646 0 0 0 1</matrix>
      </node>
      <node id="entrance_port011" name="entrance_port011" type="NODE">
        <matrix sid="transform">0.7071065 4.52364e-7 0.707107 56.51772 -4.5239e-7 1 -1.8735e-7 40.00727 -0.707107 -1.87411e-7 0.7071065 85.50665 0 0 0 1</matrix>
      </node>
      <node id="loc_B005_p11_s0_20_b11" name="loc_B005_p11_s0_20_b11" type="NODE">
        <matrix sid="transform">0.7071065 4.52364e-7 0.707107 56.51772 -4.5239e-7 1 -1.8735e-7 40.00727 -0.707107 -1.87411e-7 0.7071065 85.50665 0 0 0 1</matrix>
      </node>
      <node id="loc_B006_p12_s0_20_b12" name="loc_B006_p12_s0_20_b12" type="NODE">
        <matrix sid="transform">0.7071065 4.52364e-7 0.707107 85.98965 -4.5239e-7 1 -1.8735e-7 40.00726 -0.707107 -1.87411e-7 0.7071065 56.29541 0 0 0 1</matrix>
      </node>
      <node id="entrance_port012" name="entrance_port012" type="NODE">
        <matrix sid="transform">0.7071065 4.52364e-7 0.707107 85.98965 -4.5239e-7 1 -1.8735e-7 40.00726 -0.707107 -1.87411e-7 0.7071065 56.29541 0 0 0 1</matrix>
      </node>
      <node id="entrance_port014" name="entrance_port014" type="NODE">
        <matrix sid="transform">0.7071065 4.52364e-7 0.707107 114.3991 -4.5239e-7 1 -1.8735e-7 40.00727 -0.707107 -1.87411e-7 0.7071065 83.47829 0 0 0 1</matrix>
      </node>
      <node id="loc_B008_p14_s0_20_b14" name="loc_B008_p14_s0_20_b14" type="NODE">
        <matrix sid="transform">0.7071065 4.52364e-7 0.707107 114.3991 -4.5239e-7 1 -1.8735e-7 40.00727 -0.707107 -1.87411e-7 0.7071065 83.47829 0 0 0 1</matrix>
      </node>
      <node id="collision_pad02" name="collision_pad02" type="NODE">
        <matrix sid="transform">1 0 0 85.39869 0 1 0 84.69218 0 0 1 40 0 0 0 1</matrix>
        <instance_geometry url="#collision_pad01-mesh" name="collision_pad02"/>
      </node>
      <node id="collision_pad03" name="collision_pad03" type="NODE">
        <matrix sid="transform">1 0 0 0.7155045 0 1 0 120.1652 0 0 1 40 0 0 0 1</matrix>
        <instance_geometry url="#collision_pad01-mesh" name="collision_pad03"/>
      </node>
      <node id="collision_pad04" name="collision_pad04" type="NODE">
        <matrix sid="transform">1 0 0 -84.41275 0 1 0 85.27247 0 0 1 40 0 0 0 1</matrix>
        <instance_geometry url="#collision_pad01-mesh" name="collision_pad04"/>
      </node>
      <node id="collision_pad05" name="collision_pad05" type="NODE">
        <matrix sid="transform">1 0 0 -120.2116 0 1 0 0.4921427 0 0 1 40 0 0 0 1</matrix>
        <instance_geometry url="#collision_pad01-mesh" name="collision_pad05"/>
      </node>
      <node id="collision_pad06" name="collision_pad06" type="NODE">
        <matrix sid="transform">1 0 0 -85.67505 0 1 0 -84.71451 0 0 1 40 0 0 0 1</matrix>
        <instance_geometry url="#collision_pad01-mesh" name="collision_pad06"/>
      </node>
      <node id="collision_pad07" name="collision_pad07" type="NODE">
        <matrix sid="transform">1 0 0 -20.58558 0 1 0 -100.2293 0 0 0.2 40 0 0 0 1</matrix>
        <instance_geometry url="#collision_pad03_006-mesh" name="collision_pad07"/>
      </node>
      <node id="collision_pad08" name="collision_pad08" type="NODE">
        <matrix sid="transform">1 0 0 21.23447 0 1 0 -100.2293 0 0 0.2 40 0 0 0 1</matrix>
        <instance_geometry url="#collision_pad03_006-mesh" name="collision_pad08"/>
      </node>
      <node id="collision_pad10" name="collision_pad10" type="NODE">
        <matrix sid="transform">1 0 0 21.56448 0 1 0 -139.6732 0 0 0.2 40 0 0 0 1</matrix>
        <instance_geometry url="#collision_pad03_006-mesh" name="collision_pad10"/>
      </node>
      <node id="collision_pad09" name="collision_pad09" type="NODE">
        <matrix sid="transform">1 0 0 -20.25557 0 1 0 -139.6732 0 0 0.2 40 0 0 0 1</matrix>
        <instance_geometry url="#collision_pad03_006-mesh" name="collision_pad09"/>
      </node>
      <node id="collision_pad13" name="collision_pad13" type="NODE">
        <matrix sid="transform">0.7014379 -0.7127306 0 84.69376 0.7127306 0.7014379 0 -113.0538 0 0 0.2 40 0 0 0 1</matrix>
        <instance_geometry url="#collision_pad03_006-mesh" name="collision_pad13"/>
      </node>
      <node id="collision_pad14" name="collision_pad14" type="NODE">
        <matrix sid="transform">0.7014379 -0.7127306 0 114.0907 0.7127306 0.7014379 0 -83.57738 0 0 0.2 40 0 0 0 1</matrix>
        <instance_geometry url="#collision_pad03_006-mesh" name="collision_pad14"/>
      </node>
      <node id="collision_pad12" name="collision_pad12" type="NODE">
        <matrix sid="transform">0.7014379 -0.7127306 0 85.79744 0.7127306 0.7014379 0 -56.03127 0 0 0.2 40 0 0 0 1</matrix>
        <instance_geometry url="#collision_pad03_006-mesh" name="collision_pad12"/>
      </node>
      <node id="collision_pad11" name="collision_pad11" type="NODE">
        <matrix sid="transform">0.7014379 -0.7127306 0 56.3494 0.7127306 0.7014379 0 -85.62159 0 0 0.2 40 0 0 0 1</matrix>
        <instance_geometry url="#collision_pad03_006-mesh" name="collision_pad11"/>
      </node>
    </visual_scene>
  </library_visual_scenes>
  <scene>
    <instance_visual_scene url="#Scene"/>
  </scene>
</COLLADA>