<?xml version="1.0" encoding="utf-8"?>
<COLLADA xmlns="http://www.collada.org/2005/11/COLLADASchema" version="1.4.1" xmlns:xsi="http://www.w3.org/2001/XMLSchema-instance">
  <asset>
    <contributor>
      <author>Blender User</author>
      <authoring_tool>Blender 2.91.2 commit date:2021-01-19, commit time:16:15, hash:5be9ef417703</authoring_tool>
    </contributor>
    <created>2021-01-31T09:35:17</created>
    <modified>2021-01-31T09:35:17</modified>
    <unit name="meter" meter="1"/>
    <up_axis>Z_UP</up_axis>
  </asset>
  <library_effects>
    <effect id="facade-effect">
      <profile_COMMON>
        <technique sid="common">
          <lambert>
            <emission>
              <color sid="emission">0 0 0 1</color>
            </emission>
            <diffuse>
              <color sid="diffuse">0.64 0.01314007 0.002662271 1</color>
            </diffuse>
            <index_of_refraction>
              <float sid="ior">1</float>
            </index_of_refraction>
          </lambert>
        </technique>
      </profile_COMMON>
    </effect>
    <effect id="JoinedMaterial__2-effect">
      <profile_COMMON>
        <technique sid="common">
          <lambert>
            <emission>
              <color sid="emission">0 0 0 1</color>
            </emission>
            <diffuse>
              <color sid="diffuse">0.4096 0.4096 0.4096 1</color>
            </diffuse>
            <index_of_refraction>
              <float sid="ior">1</float>
            </index_of_refraction>
          </lambert>
        </technique>
      </profile_COMMON>
    </effect>
  </library_effects>
  <library_images/>
  <library_materials>
    <material id="facade-material" name="facade">
      <instance_effect url="#facade-effect"/>
    </material>
    <material id="JoinedMaterial__2-material" name="JoinedMaterial__2">
      <instance_effect url="#JoinedMaterial__2-effect"/>
    </material>
  </library_materials>
  <library_geometries>
    <geometry id="Cube_014-mesh" name="Cube.014">
      <mesh>
        <source id="Cube_014-mesh-positions">
          <float_array id="Cube_014-mesh-positions-array" count="24">-1 -1 -1 -1 1 -1 1 1 -1 1 -1 -1 -1 -1 1 -1 1 1 1 1 1 1 -1 1</float_array>
          <technique_common>
            <accessor source="#Cube_014-mesh-positions-array" count="8" stride="3">
              <param name="X" type="float"/>
              <param name="Y" type="float"/>
              <param name="Z" type="float"/>
            </accessor>
          </technique_common>
        </source>
        <source id="Cube_014-mesh-normals">
          <float_array id="Cube_014-mesh-normals-array" count="18">-1 0 0 0 1 0 1 0 0 0 -1 0 0 0 -1 0 0 1</float_array>
          <technique_common>
            <accessor source="#Cube_014-mesh-normals-array" count="6" stride="3">
              <param name="X" type="float"/>
              <param name="Y" type="float"/>
              <param name="Z" type="float"/>
            </accessor>
          </technique_common>
        </source>
        <source id="Cube_014-mesh-map-0">
          <float_array id="Cube_014-mesh-map-0-array" count="72">0.3333334 0.3333333 0.3333334 0 0.6666667 0 0 0.6666667 0 0.3333334 0.3333333 0.3333333 1.29143e-7 0.3333333 0 0 0.3333333 0 0.3333334 0.3333334 0.6666667 0.3333333 0.6666668 0.6666666 1 0 1 0.3333332 0.6666668 0.3333332 0 0.6666668 0.3333333 0.6666667 0.3333333 1 0.6666668 0.3333333 0.3333334 0.3333333 0.6666667 0 0.3333333 0.6666666 0 0.6666667 0.3333333 0.3333333 0.3333334 0.3333333 1.29143e-7 0.3333333 0.3333333 0 0.3333334 0.6666666 0.3333334 0.3333334 0.6666668 0.6666666 0.6666668 0 1 0 0.6666668 0.3333332 0 1 0 0.6666668 0.3333333 1</float_array>
          <technique_common>
            <accessor source="#Cube_014-mesh-map-0-array" count="36" stride="2">
              <param name="S" type="float"/>
              <param name="T" type="float"/>
            </accessor>
          </technique_common>
        </source>
        <vertices id="Cube_014-mesh-vertices">
          <input semantic="POSITION" source="#Cube_014-mesh-positions"/>
        </vertices>
        <triangles material="facade-material" count="12">
          <input semantic="VERTEX" source="#Cube_014-mesh-vertices" offset="0"/>
          <input semantic="NORMAL" source="#Cube_014-mesh-normals" offset="1"/>
          <input semantic="TEXCOORD" source="#Cube_014-mesh-map-0" offset="2" set="0"/>
          <p>4 0 0 5 0 1 1 0 2 5 1 3 6 1 4 2 1 5 6 2 6 7 2 7 3 2 8 7 3 9 4 3 10 0 3 11 0 4 12 1 4 13 2 4 14 7 5 15 6 5 16 5 5 17 0 0 18 4 0 19 1 0 20 1 1 21 5 1 22 2 1 23 2 2 24 6 2 25 3 2 26 3 3 27 7 3 28 0 3 29 3 4 30 0 4 31 2 4 32 4 5 33 7 5 34 5 5 35</p>
        </triangles>
      </mesh>
    </geometry>
    <geometry id="collision_pad1Mesh-mesh" name="collision_pad1Mesh">
      <mesh>
        <source id="collision_pad1Mesh-mesh-positions">
          <float_array id="collision_pad1Mesh-mesh-positions-array" count="384">0 109.9739 428.3379 0 -3.80603e-6 428.3379 109.9739 -3.80603e-6 428.3379 -109.9739 109.9739 428.3379 -109.9739 -3.80603e-6 428.3379 0 -3.80603e-6 428.3379 0 -3.80603e-6 428.3379 0 109.9739 428.3379 -109.9739 109.9739 428.3379 0 -109.9739 428.3379 0 -3.80603e-6 428.3379 -109.9739 -3.80603e-6 428.3379 0 -3.80603e-6 428.3379 0 -109.9739 428.3379 109.9739 -109.9739 428.3379 109.9739 -109.9739 428.3379 109.9739 -3.80603e-6 428.3379 0 -3.80603e-6 428.3379 109.9739 -3.80603e-6 428.3379 109.9739 109.9739 428.3379 0 109.9739 428.3379 -109.9739 -3.80603e-6 428.3379 -109.9739 -109.9739 428.3379 0 -109.9739 428.3379 0 109.9739 525.5236 0 -3.80603e-6 525.5236 109.9739 -3.80603e-6 525.5236 -109.9739 109.9739 525.5236 -109.9739 -3.80603e-6 525.5236 0 -3.80603e-6 525.5236 0 -3.80603e-6 525.5236 0 109.9739 525.5236 -109.9739 109.9739 525.5236 0 -109.9739 525.5236 0 -3.80603e-6 525.5236 -109.9739 -3.80603e-6 525.5236 0 -3.80603e-6 525.5236 0 -109.9739 525.5236 109.9739 -109.9739 525.5236 109.9739 -109.9739 525.5236 109.9739 -3.80603e-6 525.5236 0 -3.80603e-6 525.5236 109.9739 -3.80603e-6 525.5236 109.9739 109.9739 525.5236 0 109.9739 525.5236 -109.9739 -3.80603e-6 525.5236 -109.9739 -109.9739 525.5236 0 -109.9739 525.5236 0 109.9739 472.5839 0 -3.80603e-6 472.5839 109.9739 -3.80603e-6 472.5839 -109.9739 109.9739 472.5839 -109.9739 -3.80603e-6 472.5839 0 -3.80603e-6 472.5839 0 -3.80603e-6 472.5839 0 109.9739 472.5839 -109.9739 109.9739 472.5839 0 -109.9739 472.5839 0 -3.80603e-6 472.5839 -109.9739 -3.80603e-6 472.5839 0 -3.80603e-6 472.5839 0 -109.9739 472.5839 109.9739 -109.9739 472.5839 109.9739 -109.9739 472.5839 109.9739 -3.80603e-6 472.5839 0 -3.80603e-6 472.5839 109.9739 -3.80603e-6 472.5839 109.9739 109.9739 472.5839 0 109.9739 472.5839 -109.9739 -3.80603e-6 472.5839 -109.9739 -109.9739 472.5839 0 -109.9739 472.5839 0 -5.11846e-6 -332.9939 0 109.9739 -332.9939 0 -5.11846e-6 -332.9939 -109.9739 -5.11846e-6 -332.9939 0 -5.11846e-6 -332.9939 0 -109.9739 -332.9939 109.9739 -5.11846e-6 -332.9939 0 -5.11846e-6 -332.9939 73.31592 109.9738 -330.1317 73.31592 -3.69599e-5 -330.1317 -36.65796 -3.69599e-5 -330.1317 -36.65796 109.9738 -330.1317 -36.65796 -3.69599e-5 -330.1317 -146.6318 -3.69599e-5 -330.1317 -73.31592 -3.69599e-5 -330.1317 -73.31592 109.9738 -330.1317 36.65796 109.9738 -330.1317 -73.31592 -109.9739 -330.1317 -73.31592 -3.69599e-5 -330.1317 36.65796 -3.69599e-5 -330.1317 73.31592 -3.69599e-5 -330.1317 73.31592 -109.9739 -330.1317 -36.65796 -109.9739 -330.1317 36.65796 -109.9739 -330.1317 36.65796 -3.69599e-5 -330.1317 146.6318 -3.69599e-5 -330.1317 36.65796 -3.69599e-5 -330.1317 36.65796 109.9738 -330.1317 146.6318 109.9738 -330.1317 -36.65796 -3.69599e-5 -330.1317 -36.65796 -109.9739 -330.1317 -146.6318 -109.9739 -330.1317 73.31592 109.9738 -285.8856 73.31592 -3.69599e-5 -285.8856 -36.65796 -3.69599e-5 -285.8856 -36.65796 109.9738 -285.8856 -36.65796 -3.69599e-5 -285.8856 -146.6318 -3.69599e-5 -285.8856 -73.31592 -3.69599e-5 -285.8856 -73.31592 109.9738 -285.8856 36.65796 109.9738 -285.8856 -73.31592 -109.9739 -285.8856 -73.31592 -3.69599e-5 -285.8856 36.65796 -3.69599e-5 -285.8856 73.31592 -3.69599e-5 -285.8856 73.31592 -109.9739 -285.8856 -36.65796 -109.9739 -285.8856 36.65796 -109.9739 -285.8856 36.65796 -3.69599e-5 -285.8856 146.6318 -3.69599e-5 -285.8856 36.65796 -3.69599e-5 -285.8856 36.65796 109.9738 -285.8856 146.6318 109.9738 -285.8856 -36.65796 -3.69599e-5 -285.8856 -36.65796 -109.9739 -285.8856 -146.6318 -109.9739 -285.8856</float_array>
          <technique_common>
            <accessor source="#collision_pad1Mesh-mesh-positions-array" count="128" stride="3">
              <param name="X" type="float"/>
              <param name="Y" type="float"/>
              <param name="Z" type="float"/>
            </accessor>
          </technique_common>
        </source>
        <source id="collision_pad1Mesh-mesh-normals">
          <float_array id="collision_pad1Mesh-mesh-normals-array" count="18">0 0 1 1 0 0 0 1 0 0 1 0 -1 0 0 0 0 -1</float_array>
          <technique_common>
            <accessor source="#collision_pad1Mesh-mesh-normals-array" count="6" stride="3">
              <param name="X" type="float"/>
              <param name="Y" type="float"/>
              <param name="Z" type="float"/>
            </accessor>
          </technique_common>
        </source>
        <source id="collision_pad1Mesh-mesh-map-0">
          <float_array id="collision_pad1Mesh-mesh-map-0-array" count="288">0.5 0.9999 0.5 0.5 0.9999 0.5 10e-5 0.9999 10e-5 0.5 0.5 0.5 0.5 0.5 0.5 0.9999 10e-5 0.9999 0.5 10e-5 0.5 0.5 10e-5 0.5 0.5 0.5 0.5 10e-5 0.9999 10e-5 0.9999 10e-5 0.9999 0.5 0.5 0.5 0.9999 0.5 0.9999 0.9999 0.5 0.9999 10e-5 0.5 10e-5 10e-5 0.5 10e-5 0.5 0.9999 0.5 0.5 0.9999 0.5 10e-5 0.9999 10e-5 0.5 0.5 0.5 0.5 0.5 0.5 0.9999 10e-5 0.9999 0.5 10e-5 0.5 0.5 10e-5 0.5 0.5 0.5 0.5 10e-5 0.9999 10e-5 0.9999 10e-5 0.9999 0.5 0.5 0.5 0.9999 0.5 0.9999 0.9999 0.5 0.9999 10e-5 0.5 10e-5 10e-5 0.5 10e-5 0.5 0.9999 0.5 0.5 0.9999 0.5 10e-5 0.9999 10e-5 0.5 0.5 0.5 0.5 0.5 0.5 0.9999 10e-5 0.9999 0.5 10e-5 0.5 0.5 10e-5 0.5 0.5 0.5 0.5 10e-5 0.9999 10e-5 0.9999 10e-5 0.9999 0.5 0.5 0.5 0.9999 0.5 0.9999 0.9999 0.5 0.9999 10e-5 0.5 10e-5 10e-5 0.5 10e-5 0.5 0.5 0.5 0.9999 0.5 0.9999 0.5 0.9999 0.5 0.5 0.5 0.5 0.5 0.5 10e-5 0.5 10e-5 0.5 10e-5 0.5 0.5 0.5 0.5 0.5 0.5 0.5 0.5 10e-5 0.5 10e-5 0.5 10e-5 0.5 0.5 0.5 0.5 0.9999 0.5 0.5 0.5 0.5 0.5 0.5 0.5 0.9999 0.5 0.9999 0.5 0.5 0.9999 0.5 0.5 0.9999 0.5 10e-5 0.9999 10e-5 0.5 0.5 0.5 0.5 0.5 0.5 0.9999 10e-5 0.9999 0.5 10e-5 0.5 0.5 10e-5 0.5 0.5 0.5 0.5 10e-5 0.9999 10e-5 0.9999 10e-5 0.9999 0.5 0.5 0.5 0.9999 0.5 0.9999 0.9999 0.5 0.9999 10e-5 0.5 10e-5 10e-5 0.5 10e-5 0.5 0.9999 0.5 0.5 0.9999 0.5 10e-5 0.9999 10e-5 0.5 0.5 0.5 0.5 0.5 0.5 0.9999 10e-5 0.9999 0.5 10e-5 0.5 0.5 10e-5 0.5 0.5 0.5 0.5 10e-5 0.9999 10e-5 0.9999 10e-5 0.9999 0.5 0.5 0.5 0.9999 0.5 0.9999 0.9999 0.5 0.9999 10e-5 0.5 10e-5 10e-5 0.5 10e-5</float_array>
          <technique_common>
            <accessor source="#collision_pad1Mesh-mesh-map-0-array" count="144" stride="2">
              <param name="S" type="float"/>
              <param name="T" type="float"/>
            </accessor>
          </technique_common>
        </source>
        <vertices id="collision_pad1Mesh-mesh-vertices">
          <input semantic="POSITION" source="#collision_pad1Mesh-mesh-positions"/>
        </vertices>
        <triangles material="JoinedMaterial__2-material" count="48">
          <input semantic="VERTEX" source="#collision_pad1Mesh-mesh-vertices" offset="0"/>
          <input semantic="NORMAL" source="#collision_pad1Mesh-mesh-normals" offset="1"/>
          <input semantic="TEXCOORD" source="#collision_pad1Mesh-mesh-map-0" offset="2" set="0"/>
          <p>0 0 0 1 0 1 2 0 2 3 0 3 4 0 4 5 0 5 6 0 6 7 0 7 8 0 8 9 0 9 10 0 10 11 0 11 12 0 12 13 0 13 14 0 14 15 0 15 16 0 16 17 0 17 18 0 18 19 0 19 20 0 20 21 0 21 22 0 22 23 0 23 24 0 24 25 0 25 26 0 26 27 0 27 28 0 28 29 0 29 30 0 30 31 0 31 32 0 32 33 0 33 34 0 34 35 0 35 36 0 36 37 0 37 38 0 38 39 0 39 40 0 40 41 0 41 42 0 42 43 0 43 44 0 44 45 0 45 46 0 46 47 0 47 48 0 48 49 0 49 50 0 50 51 0 51 52 0 52 53 0 53 54 0 54 55 0 55 56 0 56 57 0 57 58 0 58 59 0 59 60 0 60 61 0 61 62 0 62 63 0 63 64 0 64 65 0 65 66 0 66 67 0 67 68 0 68 69 0 69 70 0 70 71 0 71 72 1 72 73 1 73 31 1 74 31 1 75 30 1 76 72 1 77 74 2 78 75 2 79 35 2 80 35 3 81 34 3 82 74 3 83 76 4 84 77 4 85 37 4 86 37 4 87 36 4 88 76 4 89 78 2 90 79 2 91 41 2 92 41 3 93 40 3 94 78 3 95 80 5 96 81 5 97 82 5 98 83 5 99 84 5 100 85 5 101 86 5 102 87 5 103 88 5 104 89 5 105 90 5 106 91 5 107 92 5 108 93 5 109 94 5 110 95 5 111 96 5 112 97 5 113 98 5 114 99 5 115 100 5 116 101 5 117 102 5 118 103 5 119 104 5 120 105 5 121 106 5 122 107 5 123 108 5 124 109 5 125 110 5 126 111 5 127 112 5 128 113 5 129 114 5 130 115 5 131 116 5 132 117 5 133 118 5 134 119 5 135 120 5 136 121 5 137 122 5 138 123 5 139 124 5 140 125 5 141 126 5 142 127 5 143</p>
        </triangles>
      </mesh>
    </geometry>
  </library_geometries>
  <library_visual_scenes>
    <visual_scene id="Scene" name="Scene">
      <node id="dummy" name="dummy" type="NODE">
        <matrix sid="transform">1 0 0 -5.22162e-6 0 1 0 118.4497 0 0 1 41.70764 0 0 0 1</matrix>
        <instance_geometry url="#Cube_014-mesh" name="dummy">
          <bind_material>
            <technique_common>
              <instance_material symbol="facade-material" target="#facade-material">
                <bind_vertex_input semantic="Cube_014-mesh-map-0" input_semantic="TEXCOORD" input_set="0"/>
              </instance_material>
            </technique_common>
          </bind_material>
        </instance_geometry>
      </node>
      <node id="loc_E001_p05_s0_33_b31" name="loc_E001_p05_s0_33_b31" type="NODE">
        <matrix sid="transform">0.3875489 -0.9218491 -1.24197e-6 96.33855 -2.77186e-9 -1.34842e-6 1 -280.2508 -0.9218491 -0.3875489 -5.25134e-7 40.77645 0 0 0 1</matrix>
      </node>
      <node id="loc_E001_p05_s0_33_b32" name="loc_E001_p05_s0_33_b32" type="NODE">
        <matrix sid="transform">-0.003212164 -0.9999948 -5.36876e-5 104.6128 -1.8125e-9 -5.36879e-5 1 -280.2507 -0.9999948 0.003212164 1.70642e-7 -0.08227539 0 0 0 1</matrix>
      </node>
      <node id="loc_E001_p05_s0_33_b33" name="loc_E001_p05_s0_33_b33" type="NODE">
        <matrix sid="transform">-0.3914476 -0.9202005 -1.93106e-6 96.36382 -1.2755e-7 -2.04427e-6 1 -280.2507 -0.9202005 0.3914476 6.82852e-7 -40.71664 0 0 0 1</matrix>
      </node>
      <node id="loc_E001_p05_s0_33_b36" name="loc_E001_p05_s0_33_b36" type="NODE">
        <matrix sid="transform">-0.3914476 -0.9202005 -1.93106e-6 96.3638 -1.2755e-7 -2.04427e-6 1 -219.3727 -0.9202005 0.3914476 6.82852e-7 -40.71664 0 0 0 1</matrix>
      </node>
      <node id="loc_E001_p05_s0_33_b35" name="loc_E001_p05_s0_33_b35" type="NODE">
        <matrix sid="transform">-0.003212164 -0.9999948 -5.36876e-5 104.6128 -1.8125e-9 -5.36879e-5 1 -219.3727 -0.9999948 0.003212164 1.70642e-7 -0.08227539 0 0 0 1</matrix>
      </node>
      <node id="loc_E001_p05_s0_33_b34" name="loc_E001_p05_s0_33_b34" type="NODE">
        <matrix sid="transform">0.3875489 -0.9218491 -1.24197e-6 96.33852 -2.77186e-9 -1.34842e-6 1 -219.3727 -0.9218491 -0.3875489 -5.25134e-7 40.77645 0 0 0 1</matrix>
      </node>
      <node id="loc_E001_p05_s0_33_b37" name="loc_E001_p05_s0_33_b37" type="NODE">
        <matrix sid="transform">0.3875489 -0.9218491 -1.24197e-6 96.33852 -2.77186e-9 -1.34842e-6 1 -160.1249 -0.9218491 -0.3875489 -5.25134e-7 40.77645 0 0 0 1</matrix>
      </node>
      <node id="loc_E001_p05_s0_33_b38" name="loc_E001_p05_s0_33_b38" type="NODE">
        <matrix sid="transform">-0.003212164 -0.9999948 -5.36876e-5 104.6128 -1.8125e-9 -5.36879e-5 1 -160.1249 -0.9999948 0.003212164 1.70642e-7 -0.08227539 0 0 0 1</matrix>
      </node>
      <node id="loc_E001_p05_s0_33_b39" name="loc_E001_p05_s0_33_b39" type="NODE">
        <matrix sid="transform">-0.3914476 -0.9202005 -1.93106e-6 96.3638 -1.2755e-7 -2.04427e-6 1 -160.1249 -0.9202005 0.3914476 6.82852e-7 -40.71665 0 0 0 1</matrix>
      </node>
      <node id="loc_E001_p05_s0_33_b29" name="loc_E001_p05_s0_33_b29" type="NODE">
        <matrix sid="transform">0.9202004 -0.3914475 -8.80512e-7 40.7167 1.38946e-7 -1.92274e-6 1 -160.1249 -0.3914475 -0.9202004 -1.71492e-6 96.36378 0 0 0 1</matrix>
      </node>
      <node id="loc_E001_p05_s0_33_b28" name="loc_E001_p05_s0_33_b28" type="NODE">
        <matrix sid="transform">0.9999948 -0.003212534 -1.566e-7 0.08229828 1.50995e-7 -1.74491e-6 1 -160.1249 -0.003212534 -0.9999948 -1.74442e-6 104.6128 0 0 0 1</matrix>
      </node>
      <node id="loc_E001_p05_s0_33_b27" name="loc_E001_p05_s0_33_b27" type="NODE">
        <matrix sid="transform">0.921849 0.3875494 4.78857e-7 -40.77642 1.39195e-7 -1.5667e-6 1 -160.1249 0.3875494 -0.921849 -1.49821e-6 96.33852 0 0 0 1</matrix>
      </node>
      <node id="loc_E001_p05_s0_33_b24" name="loc_E001_p05_s0_33_b24" type="NODE">
        <matrix sid="transform">0.921849 0.3875494 4.78857e-7 -40.77641 1.39195e-7 -1.5667e-6 1 -219.3728 0.3875494 -0.921849 -1.49821e-6 96.33852 0 0 0 1</matrix>
      </node>
      <node id="loc_E001_p05_s0_33_b25" name="loc_E001_p05_s0_33_b25" type="NODE">
        <matrix sid="transform">0.9999948 -0.003212534 -1.566e-7 0.08230591 1.50995e-7 -1.74491e-6 1 -219.3728 -0.003212534 -0.9999948 -1.74442e-6 104.6128 0 0 0 1</matrix>
      </node>
      <node id="loc_E001_p05_s0_33_b26" name="loc_E001_p05_s0_33_b26" type="NODE">
        <matrix sid="transform">0.9202004 -0.3914475 -8.80512e-7 40.71671 1.38946e-7 -1.92274e-6 1 -219.3727 -0.3914475 -0.9202004 -1.71492e-6 96.36378 0 0 0 1</matrix>
      </node>
      <node id="loc_E001_p05_s0_33_b23" name="loc_E001_p05_s0_33_b23" type="NODE">
        <matrix sid="transform">0.9202004 -0.3914475 -8.80512e-7 40.71671 1.38946e-7 -1.92274e-6 1 -280.2507 -0.3914475 -0.9202004 -1.71492e-6 96.36378 0 0 0 1</matrix>
      </node>
      <node id="loc_E001_p05_s0_33_b22" name="loc_E001_p05_s0_33_b22" type="NODE">
        <matrix sid="transform">0.9999948 -0.003212534 -1.566e-7 0.08232117 1.50995e-7 -1.74491e-6 1 -280.2507 -0.003212534 -0.9999948 -1.74442e-6 104.6128 0 0 0 1</matrix>
      </node>
      <node id="loc_E001_p05_s0_33_b21" name="loc_E001_p05_s0_33_b21" type="NODE">
        <matrix sid="transform">0.921849 0.3875494 4.78857e-7 -40.7764 1.39195e-7 -1.5667e-6 1 -280.2508 0.3875494 -0.921849 -1.49821e-6 96.33852 0 0 0 1</matrix>
      </node>
      <node id="loc_E001_p05_s0_33_b11" name="loc_E001_p05_s0_33_b11" type="NODE">
        <matrix sid="transform">-0.3875493 0.921849 1.17236e-6 -96.33849 -1.2628e-7 -1.32484e-6 1 -280.2508 0.921849 0.3875493 6.29852e-7 -40.77642 0 0 0 1</matrix>
      </node>
      <node id="loc_E001_p05_s0_33_b12" name="loc_E001_p05_s0_33_b12" type="NODE">
        <matrix sid="transform">0.003211957 0.9999948 -2.21292e-5 -104.6127 8.85509e-8 2.21291e-5 1 -280.2508 0.9999948 -0.003211957 -1.74728e-8 0.08228302 0 0 0 1</matrix>
      </node>
      <node id="loc_E001_p05_s0_33_b13" name="loc_E001_p05_s0_33_b13" type="NODE">
        <matrix sid="transform">0.3914474 0.9202005 1.21581e-6 -96.36372 1.52435e-7 -1.38609e-6 1 -280.2508 0.9202005 -0.3914474 -6.82852e-7 40.71671 0 0 0 1</matrix>
      </node>
      <node id="loc_E001_p05_s0_33_b16" name="loc_E001_p05_s0_33_b16" type="NODE">
        <matrix sid="transform">0.3914474 0.9202005 1.21581e-6 -96.36374 1.52435e-7 -1.38609e-6 1 -219.3728 0.9202005 -0.3914474 -6.82852e-7 40.71671 0 0 0 1</matrix>
      </node>
      <node id="loc_E001_p05_s0_33_b15" name="loc_E001_p05_s0_33_b15" type="NODE">
        <matrix sid="transform">0.003211957 0.9999948 -2.21292e-5 -104.6127 8.85509e-8 2.21291e-5 1 -219.3728 0.9999948 -0.003211957 -1.74728e-8 0.08227539 0 0 0 1</matrix>
      </node>
      <node id="loc_E001_p05_s0_33_b14" name="loc_E001_p05_s0_33_b14" type="NODE">
        <matrix sid="transform">-0.3875493 0.921849 1.17236e-6 -96.33849 -1.2628e-7 -1.32484e-6 1 -219.3728 0.921849 0.3875493 6.29852e-7 -40.77642 0 0 0 1</matrix>
      </node>
      <node id="loc_E001_p05_s0_33_b17" name="loc_E001_p05_s0_33_b17" type="NODE">
        <matrix sid="transform">-0.3875493 0.921849 1.17236e-6 -96.3385 -1.2628e-7 -1.32484e-6 1 -160.1249 0.921849 0.3875493 6.29852e-7 -40.77642 0 0 0 1</matrix>
      </node>
      <node id="loc_E001_p05_s0_33_b18" name="loc_E001_p05_s0_33_b18" type="NODE">
        <matrix sid="transform">0.003211957 0.9999948 -2.21292e-5 -104.6127 8.85509e-8 2.21291e-5 1 -160.1249 0.9999948 -0.003211957 -1.74728e-8 0.08227539 0 0 0 1</matrix>
      </node>
      <node id="loc_E001_p05_s0_33_b19" name="loc_E001_p05_s0_33_b19" type="NODE">
        <matrix sid="transform">0.3914474 0.9202005 1.21581e-6 -96.36375 1.52435e-7 -1.38609e-6 1 -160.1249 0.9202005 -0.3914474 -6.82852e-7 40.71671 0 0 0 1</matrix>
      </node>
      <node id="loc_E001_p05_s0_33_b45" name="loc_E001_p05_s0_33_b45" type="NODE">
        <matrix sid="transform">-0.9202005 0.3914473 3.5701e-7 -40.71671 -2.99839e-7 -1.61688e-6 1 -160.1249 0.3914473 0.9202005 1.60522e-6 -96.36375 0 0 0 1</matrix>
      </node>
      <node id="loc_E001_p05_s0_33_b46" name="loc_E001_p05_s0_33_b46" type="NODE">
        <matrix sid="transform">-0.9999948 0.003212242 -3.20238e-7 -0.08223431 -3.2584e-7 -1.74338e-6 1 -160.1249 0.003212242 0.9999948 1.74442e-6 -104.6127 0 0 0 1</matrix>
      </node>
      <node id="loc_E001_p05_s0_33_b47" name="loc_E001_p05_s0_33_b47" type="NODE">
        <matrix sid="transform">-0.921849 -0.3875492 -9.55694e-7 40.77645 -3.00377e-7 -1.7515e-6 1 -160.1249 -0.3875492 0.921849 1.49821e-6 -96.33852 0 0 0 1</matrix>
      </node>
      <node id="loc_E001_p05_s0_33_b44" name="loc_E001_p05_s0_33_b44" type="NODE">
        <matrix sid="transform">-0.921849 -0.3875492 -9.55694e-7 40.77645 -3.00377e-7 -1.7515e-6 1 -219.3728 -0.3875492 0.921849 1.49821e-6 -96.33852 0 0 0 1</matrix>
      </node>
      <node id="loc_E001_p05_s0_33_b45_001" name="loc_E001_p05_s0_33_b45_001" type="NODE">
        <matrix sid="transform">-0.9999948 0.003212242 -3.20238e-7 -0.08222635 -3.2584e-7 -1.74338e-6 1 -219.3728 0.003212242 0.9999948 1.74442e-6 -104.6127 0 0 0 1</matrix>
      </node>
      <node id="loc_E001_p05_s0_33_b46_001" name="loc_E001_p05_s0_33_b46_001" type="NODE">
        <matrix sid="transform">-0.9202005 0.3914473 3.5701e-7 -40.7167 -2.99839e-7 -1.61688e-6 1 -219.3728 0.3914473 0.9202005 1.60522e-6 -96.36375 0 0 0 1</matrix>
      </node>
      <node id="loc_E001_p05_s0_33_b43" name="loc_E001_p05_s0_33_b43" type="NODE">
        <matrix sid="transform">-0.9202005 0.3914473 3.5701e-7 -40.71669 -2.99839e-7 -1.61688e-6 1 -280.2508 0.3914473 0.9202005 1.60522e-6 -96.36375 0 0 0 1</matrix>
      </node>
      <node id="loc_E001_p05_s0_33_b42" name="loc_E001_p05_s0_33_b42" type="NODE">
        <matrix sid="transform">-0.9999948 0.003212242 -3.20238e-7 -0.08221817 -3.2584e-7 -1.74338e-6 1 -280.2508 0.003212242 0.9999948 1.74442e-6 -104.6127 0 0 0 1</matrix>
      </node>
      <node id="exit_port05" name="exit_port05" type="NODE">
        <matrix sid="transform">1 -1.34359e-7 -3.01992e-7 3.76708e-5 3.01992e-7 1.94707e-7 1 -280.3737 -1.34359e-7 -1 1.94707e-7 3.67275e-5 0 0 0 1</matrix>
      </node>
      <node id="loc_E001_p05_s0_33_b41" name="loc_E001_p05_s0_33_b41" type="NODE">
        <matrix sid="transform">-0.921849 -0.3875492 -9.55694e-7 40.77646 -3.00377e-7 -1.7515e-6 1 -280.2508 -0.3875492 0.921849 1.49821e-6 -96.33852 0 0 0 1</matrix>
      </node>
      <node id="entrance_port05" name="entrance_port05" type="NODE">
        <matrix sid="transform">-1 -1.34359e-7 1.50996e-7 -6.86442e-5 -1.50996e-7 1.62921e-7 -1 510.8989 1.34359e-7 -1 -1.62921e-7 4.45396e-6 0 0 0 1</matrix>
      </node>
      <node id="entrance_port04" name="entrance_port04" type="NODE">
        <matrix sid="transform">-1 -1.34359e-7 1.50996e-7 -6.86442e-5 -1.50996e-7 1.62921e-7 -1 510.8989 1.34359e-7 -1 -1.62921e-7 4.45396e-6 0 0 0 1</matrix>
      </node>
      <node id="loc_C001_p04_s0_100_b01" name="loc_C001_p04_s0_100_b01" type="NODE">
        <matrix sid="transform">0.9999996 9.12038e-4 3.27106e-7 -0.355309 -3.25841e-7 -1.3871e-6 1 226.6638 9.12038e-4 -0.9999996 -1.3868e-6 111.4373 0 0 0 1</matrix>
      </node>
      <node id="loc_C001_p04_s0_100_b02" name="loc_C001_p04_s0_100_b02" type="NODE">
        <matrix sid="transform">-9.12384e-4 0.9999996 -3.18409e-5 -111.4372 -2.0608e-7 3.18407e-5 1 226.6638 0.9999996 9.12384e-4 1.77029e-7 -0.3553064 0 0 0 1</matrix>
      </node>
      <node id="loc_C001_p04_s0_100_b03" name="loc_C001_p04_s0_100_b03" type="NODE">
        <matrix sid="transform">-0.9999996 -9.12368e-4 -3.27215e-7 0.355392 -3.25841e-7 -1.50631e-6 1 226.6638 -9.12368e-4 0.9999996 1.50601e-6 -111.4372 0 0 0 1</matrix>
      </node>
      <node id="loc_C001_p04_s0_100_b04" name="loc_C001_p04_s0_100_b04" type="NODE">
        <matrix sid="transform">9.12654e-4 -0.9999996 -1.65698e-6 111.4373 -5.70893e-8 -1.65703e-6 1 226.6638 -0.9999996 -9.12654e-4 -5.86016e-8 0.3554217 0 0 0 1</matrix>
      </node>
      <node id="exit_port04" name="exit_port04" type="NODE">
        <matrix sid="transform">1 -1.34359e-7 -3.01992e-7 -3.04377e-5 3.01992e-7 1.94707e-7 1 226.5409 -1.34359e-7 -1 1.94707e-7 1.45696e-5 0 0 0 1</matrix>
      </node>
      <node id="entrance_port03" name="entrance_port03" type="NODE">
        <matrix sid="transform">-1 -1.34359e-7 1.50996e-7 -6.86442e-5 -1.50996e-7 1.62921e-7 -1 510.8989 1.34359e-7 -1 -1.62921e-7 4.45396e-6 0 0 0 1</matrix>
      </node>
      <node id="loc_D001_p03_s0_50_b08" name="loc_D001_p03_s0_50_b08" type="NODE">
        <matrix sid="transform">0.7077505 -0.7064625 -9.04878e-7 78.54686 -9.66827e-8 -1.37772e-6 1 -86.10487 -0.7064625 -0.7077505 -1.04338e-6 79.04935 0 0 0 1</matrix>
      </node>
      <node id="loc_D001_p03_s0_50_b07" name="loc_D001_p03_s0_50_b07" type="NODE">
        <matrix sid="transform">0.9999996 9.12038e-4 3.27106e-7 -0.355267 -3.25841e-7 -1.3871e-6 1 -86.10487 9.12038e-4 -0.9999996 -1.3868e-6 111.4373 0 0 0 1</matrix>
      </node>
      <node id="loc_D001_p03_s0_50_b06" name="loc_D001_p03_s0_50_b06" type="NODE">
        <matrix sid="transform">0.7064618 0.7077512 1.12886e-6 -79.04922 -2.39199e-7 -1.35623e-6 1 -86.10487 0.7077512 -0.7064618 -7.88832e-7 78.54683 0 0 0 1</matrix>
      </node>
      <node id="loc_D001_p03_s0_50_b05" name="loc_D001_p03_s0_50_b05" type="NODE">
        <matrix sid="transform">-9.12384e-4 0.9999996 -3.18409e-5 -111.4372 -2.0608e-7 3.18407e-5 1 -86.10487 0.9999996 9.12384e-4 1.77029e-7 -0.3552927 0 0 0 1</matrix>
      </node>
      <node id="loc_D001_p03_s0_50_b04" name="loc_D001_p03_s0_50_b04" type="NODE">
        <matrix sid="transform">-0.7077516 0.7064614 6.68111e-7 -78.54668 -3.99356e-7 -1.3458e-6 1 -86.10487 0.7064614 0.7077516 1.23462e-6 -79.04926 0 0 0 1</matrix>
      </node>
      <node id="loc_D001_p03_s0_50_b03" name="loc_D001_p03_s0_50_b03" type="NODE">
        <matrix sid="transform">-0.9999996 -9.12368e-4 -3.27215e-7 0.355434 -3.25841e-7 -1.50631e-6 1 -86.10487 -9.12368e-4 0.9999996 1.50601e-6 -111.4372 0 0 0 1</matrix>
      </node>
      <node id="loc_D001_p03_s0_50_b02" name="loc_D001_p03_s0_50_b02" type="NODE">
        <matrix sid="transform">-0.7064611 -0.7077518 -1.56046e-6 79.0494 -2.30194e-7 -1.97504e-6 1 -86.10487 -0.7077518 0.7064611 1.23237e-6 -78.54668 0 0 0 1</matrix>
      </node>
      <node id="loc_D001_p03_s0_50_b01" name="loc_D001_p03_s0_50_b01" type="NODE">
        <matrix sid="transform">9.12654e-4 -0.9999996 -1.65698e-6 111.4373 -5.70893e-8 -1.65703e-6 1 -86.10487 -0.9999996 -9.12654e-4 -5.86016e-8 0.3554353 0 0 0 1</matrix>
      </node>
      <node id="exit_port03" name="exit_port03" type="NODE">
        <matrix sid="transform">1 -1.34359e-7 -3.01992e-7 1.15856e-5 3.01992e-7 1.94707e-7 1 -86.2278 -1.34359e-7 -1 1.94707e-7 2.82411e-5 0 0 0 1</matrix>
      </node>
      <node id="exit_port02" name="exit_port02" type="NODE">
        <matrix sid="transform">1 -1.34359e-7 -3.01992e-7 -4.84894e-5 3.01992e-7 1.94707e-7 1 360.8954 -1.34359e-7 -1 1.94707e-7 8.69676e-6 0 0 0 1</matrix>
      </node>
      <node id="entrance_port02" name="entrance_port02" type="NODE">
        <matrix sid="transform">-1 -1.34359e-7 1.50996e-7 -6.86442e-5 -1.50996e-7 1.62921e-7 -1 510.8989 1.34359e-7 -1 -1.62921e-7 4.45396e-6 0 0 0 1</matrix>
      </node>
      <node id="loc_B001_p02_s0_50_b01" name="loc_B001_p02_s0_50_b01" type="NODE">
        <matrix sid="transform">9.12654e-4 -0.9999996 -1.65698e-6 111.4373 -5.70893e-8 -1.65703e-6 1 361.0183 -0.9999996 -9.12654e-4 -5.86016e-8 0.3554158 0 0 0 1</matrix>
      </node>
      <node id="loc_B001_p02_s0_50_b02" name="loc_B001_p02_s0_50_b02" type="NODE">
        <matrix sid="transform">-0.7064611 -0.7077518 -1.56046e-6 79.04934 -2.30194e-7 -1.97504e-6 1 361.0183 -0.7077518 0.7064611 1.23237e-6 -78.54671 0 0 0 1</matrix>
      </node>
      <node id="loc_B001_p02_s0_50_b03" name="loc_B001_p02_s0_50_b03" type="NODE">
        <matrix sid="transform">-0.9999996 -9.12368e-4 -3.27215e-7 0.3553739 -3.25841e-7 -1.50631e-6 1 361.0183 -9.12368e-4 0.9999996 1.50601e-6 -111.4372 0 0 0 1</matrix>
      </node>
      <node id="loc_B001_p02_s0_50_b04" name="loc_B001_p02_s0_50_b04" type="NODE">
        <matrix sid="transform">-0.7077516 0.7064614 6.68111e-7 -78.54675 -3.99356e-7 -1.3458e-6 1 361.0183 0.7064614 0.7077516 1.23462e-6 -79.04928 0 0 0 1</matrix>
      </node>
      <node id="loc_B001_p02_s0_50_b05" name="loc_B001_p02_s0_50_b05" type="NODE">
        <matrix sid="transform">-9.12384e-4 0.9999996 -3.18409e-5 -111.4372 -2.0608e-7 3.18407e-5 1 361.0183 0.9999996 9.12384e-4 1.77029e-7 -0.3553123 0 0 0 1</matrix>
      </node>
      <node id="loc_B001_p02_s0_50_b06" name="loc_B001_p02_s0_50_b06" type="NODE">
        <matrix sid="transform">0.7064618 0.7077512 1.12886e-6 -79.04929 -2.39199e-7 -1.35623e-6 1 361.0183 0.7077512 -0.7064618 -7.88832e-7 78.54681 0 0 0 1</matrix>
      </node>
      <node id="loc_B001_p02_s0_50_b07" name="loc_B001_p02_s0_50_b07" type="NODE">
        <matrix sid="transform">0.9999996 9.12038e-4 3.27106e-7 -0.3553271 -3.25841e-7 -1.3871e-6 1 361.0183 9.12038e-4 -0.9999996 -1.3868e-6 111.4373 0 0 0 1</matrix>
      </node>
      <node id="loc_B001_p02_s0_50_b08" name="loc_B001_p02_s0_50_b08" type="NODE">
        <matrix sid="transform">0.7077509 -0.7064621 -9.89094e-7 78.5468 -9.66825e-8 -1.49693e-6 1 361.0183 -0.7064621 -0.7077509 -1.12775e-6 79.04934 0 0 0 1</matrix>
      </node>
      <node id="exit_port01" name="exit_port01" type="NODE">
        <matrix sid="transform">1 -1.34359e-7 -3.01992e-7 -6.04311e-5 3.01992e-7 1.94707e-7 1 449.7744 -1.34359e-7 -1 1.94707e-7 4.81173e-6 0 0 0 1</matrix>
      </node>
      <node id="loc_A001_p01_s0_50_b08" name="loc_A001_p01_s0_50_b08" type="NODE">
        <matrix sid="transform">0.707751 -0.706462 -8.66189e-7 78.54678 -6.44599e-8 -1.29067e-6 1 450.2831 -0.706462 -0.707751 -9.59012e-7 79.04933 0 0 0 1</matrix>
      </node>
      <node id="loc_A001_p01_s0_50_b07" name="loc_A001_p01_s0_50_b07" type="NODE">
        <matrix sid="transform">0.9999996 9.12038e-4 3.27106e-7 -0.3553391 -3.25841e-7 -1.3871e-6 1 450.2831 9.12038e-4 -0.9999996 -1.3868e-6 111.4373 0 0 0 1</matrix>
      </node>
      <node id="loc_A001_p01_s0_50_b06" name="loc_A001_p01_s0_50_b06" type="NODE">
        <matrix sid="transform">0.7064618 0.7077512 1.12886e-6 -79.04931 -2.39199e-7 -1.35623e-6 1 450.2831 0.7077512 -0.7064618 -7.88832e-7 78.5468 0 0 0 1</matrix>
      </node>
      <node id="loc_A001_p01_s0_50_b05" name="loc_A001_p01_s0_50_b05" type="NODE">
        <matrix sid="transform">-9.12384e-4 0.9999996 -3.18409e-5 -111.4373 -2.0608e-7 3.18407e-5 1 450.2831 0.9999996 9.12384e-4 1.77029e-7 -0.3553162 0 0 0 1</matrix>
      </node>
      <node id="loc_A001_p01_s0_50_b04" name="loc_A001_p01_s0_50_b04" type="NODE">
        <matrix sid="transform">-0.7077516 0.7064614 6.68111e-7 -78.54676 -3.99356e-7 -1.3458e-6 1 450.2831 0.7064614 0.7077516 1.23462e-6 -79.04929 0 0 0 1</matrix>
      </node>
      <node id="loc_A001_p01_s0_50_b03" name="loc_A001_p01_s0_50_b03" type="NODE">
        <matrix sid="transform">-0.9999996 -9.12368e-4 -3.27215e-7 0.3553619 -3.25841e-7 -1.50631e-6 1 450.2831 -9.12368e-4 0.9999996 1.50601e-6 -111.4372 0 0 0 1</matrix>
      </node>
      <node id="loc_A001_p01_s0_50_b02" name="loc_A001_p01_s0_50_b02" type="NODE">
        <matrix sid="transform">-0.7064611 -0.7077518 -1.56046e-6 79.04932 -2.30194e-7 -1.97504e-6 1 450.2831 -0.7077518 0.7064611 1.23237e-6 -78.54671 0 0 0 1</matrix>
      </node>
      <node id="loc_A001_p01_s0_50_b01" name="loc_A001_p01_s0_50_b01" type="NODE">
        <matrix sid="transform">9.12654e-4 -0.9999996 -1.65698e-6 111.4373 -5.70893e-8 -1.65703e-6 1 450.2831 -0.9999996 -9.12654e-4 -5.86016e-8 0.3554119 0 0 0 1</matrix>
      </node>
      <node id="entrance_port01" name="entrance_port01" type="NODE">
        <matrix sid="transform">-1 -1.34359e-7 1.50996e-7 -6.86442e-5 -1.50996e-7 1.62921e-7 -1 510.8989 1.34359e-7 -1 -1.62921e-7 4.45396e-6 0 0 0 1</matrix>
      </node>
      <node id="collision_pad1" name="collision_pad1" type="NODE">
        <matrix sid="transform">1 0 0 0 0 1 -4.37115e-8 0 0 4.37115e-8 1 0 0 0 0 1</matrix>
        <instance_geometry url="#collision_pad1Mesh-mesh" name="collision_pad1">
          <bind_material>
            <technique_common>
              <instance_material symbol="JoinedMaterial__2-material" target="#JoinedMaterial__2-material">
                <bind_vertex_input semantic="collision_pad1Mesh-mesh-map-0" input_semantic="TEXCOORD" input_set="0"/>
              </instance_material>
            </technique_common>
          </bind_material>
        </instance_geometry>
      </node>
    </visual_scene>
  </library_visual_scenes>
  <scene>
    <instance_visual_scene url="#Scene"/>
  </scene>
</COLLADA>