<?xml version="1.0" encoding="utf-8"?>
<COLLADA xmlns="http://www.collada.org/2005/11/COLLADASchema" version="1.4.1">
  <asset>
    <contributor>
      <author>Blender User</author>
      <authoring_tool>Blender 2.78.0 commit date:2016-10-24, commit time:12:20, hash:e8299c8</authoring_tool>
    </contributor>
    <created>2017-02-08T18:49:23</created>
    <modified>2017-02-08T18:49:23</modified>
    <unit name="meter" meter="1"/>
    <up_axis>Z_UP</up_axis>
  </asset>
  <library_images/>
  <library_effects>
    <effect id="facade-effect">
      <profile_COMMON>
        <technique sid="common">
          <phong>
            <emission>
              <color sid="emission">0 0 0 1</color>
            </emission>
            <ambient>
              <color sid="ambient">0 0 0 1</color>
            </ambient>
            <diffuse>
              <color sid="diffuse">0.64 0.01314007 0.002662271 1</color>
            </diffuse>
            <specular>
              <color sid="specular">0.25 0.25 0.25 1</color>
            </specular>
            <shininess>
              <float sid="shininess">50</float>
            </shininess>
            <index_of_refraction>
              <float sid="index_of_refraction">1</float>
            </index_of_refraction>
          </phong>
        </technique>
      </profile_COMMON>
    </effect>
  </library_effects>
  <library_materials>
    <material id="facade-material" name="facade">
      <instance_effect url="#facade-effect"/>
    </material>
  </library_materials>
  <library_geometries>
    <geometry id="Cube_014-mesh" name="Cube.014">
      <mesh>
        <source id="Cube_014-mesh-positions">
          <float_array id="Cube_014-mesh-positions-array" count="24">-1 -1 -1 -1 1 -1 1 1 -1 1 -1 -1 -1 -1 1 -1 1 1 1 1 1 1 -1 1</float_array>
          <technique_common>
            <accessor source="#Cube_014-mesh-positions-array" count="8" stride="3">
              <param name="X" type="float"/>
              <param name="Y" type="float"/>
              <param name="Z" type="float"/>
            </accessor>
          </technique_common>
        </source>
        <source id="Cube_014-mesh-normals">
          <float_array id="Cube_014-mesh-normals-array" count="18">-1 0 0 0 1 0 1 0 0 0 -1 0 0 0 -1 0 0 1</float_array>
          <technique_common>
            <accessor source="#Cube_014-mesh-normals-array" count="6" stride="3">
              <param name="X" type="float"/>
              <param name="Y" type="float"/>
              <param name="Z" type="float"/>
            </accessor>
          </technique_common>
        </source>
        <source id="Cube_014-mesh-map-0">
          <float_array id="Cube_014-mesh-map-0-array" count="72">0.3333334 0.3333333 0.3333334 0 0.6666667 0 0 0.6666667 0 0.3333334 0.3333333 0.3333333 1.29143e-7 0.3333333 0 0 0.3333333 0 0.3333334 0.3333334 0.6666667 0.3333333 0.6666668 0.6666666 1 0 1 0.3333332 0.6666668 0.3333332 0 0.6666668 0.3333333 0.6666667 0.3333333 1 0.6666668 0.3333333 0.3333334 0.3333333 0.6666667 0 0.3333333 0.6666666 0 0.6666667 0.3333333 0.3333333 0.3333334 0.3333333 1.29143e-7 0.3333333 0.3333333 0 0.3333334 0.6666666 0.3333334 0.3333334 0.6666668 0.6666666 0.6666668 0 1 0 0.6666668 0.3333332 0 1 0 0.6666668 0.3333333 1</float_array>
          <technique_common>
            <accessor source="#Cube_014-mesh-map-0-array" count="36" stride="2">
              <param name="S" type="float"/>
              <param name="T" type="float"/>
            </accessor>
          </technique_common>
        </source>
        <vertices id="Cube_014-mesh-vertices">
          <input semantic="POSITION" source="#Cube_014-mesh-positions"/>
        </vertices>
        <polylist material="facade-material" count="12">
          <input semantic="VERTEX" source="#Cube_014-mesh-vertices" offset="0"/>
          <input semantic="NORMAL" source="#Cube_014-mesh-normals" offset="1"/>
          <input semantic="TEXCOORD" source="#Cube_014-mesh-map-0" offset="2" set="0"/>
          <vcount>3 3 3 3 3 3 3 3 3 3 3 3 </vcount>
          <p>4 0 0 5 0 1 1 0 2 5 1 3 6 1 4 2 1 5 6 2 6 7 2 7 3 2 8 7 3 9 4 3 10 0 3 11 0 4 12 1 4 13 2 4 14 7 5 15 6 5 16 5 5 17 0 0 18 4 0 19 1 0 20 1 1 21 5 1 22 2 1 23 2 2 24 6 2 25 3 2 26 3 3 27 7 3 28 0 3 29 3 4 30 0 4 31 2 4 32 4 5 33 7 5 34 5 5 35</p>
        </polylist>
      </mesh>
    </geometry>
  </library_geometries>
  <library_controllers/>
  <library_visual_scenes>
    <visual_scene id="Scene" name="Scene">
      <node id="entrance_port01" name="entrance_port01" type="NODE">
        <matrix sid="transform">1 -1.34359e-7 -1.34359e-7 -6.86442e-5 1.34359e-7 1.94707e-7 1 510.8989 -1.34359e-7 -1 1.94707e-7 4.45396e-6 0 0 0 1</matrix>
      </node>
      <node id="loc_A001_p01_s0_50_b01" name="loc_A001_p01_s0_50_b01" type="NODE">
        <matrix sid="transform">-9.12591e-4 -0.9999996 1.83863e-6 111.4373 -3.04672e-8 -1.8386e-6 -1 450.2831 0.9999996 -9.12591e-4 -2.87893e-8 0.3554119 0 0 0 1</matrix>
      </node>
      <node id="loc_A001_p01_s0_50_b02" name="loc_A001_p01_s0_50_b02" type="NODE">
        <matrix sid="transform">0.7064612 -0.7077518 1.3003e-6 79.04932 2.68881e-9 -1.83454e-6 -1 450.2831 0.7077518 0.7064612 -1.29413e-6 -78.54672 0 0 0 1</matrix>
      </node>
      <node id="loc_A001_p01_s0_50_b03" name="loc_A001_p01_s0_50_b03" type="NODE">
        <matrix sid="transform">0.9999996 -9.12368e-4 7.58504e-8 0.3553619 7.45054e-8 -1.47429e-6 -1 450.2831 9.12368e-4 0.9999996 -1.47422e-6 -111.4372 0 0 0 1</matrix>
      </node>
      <node id="loc_A001_p01_s0_50_b04" name="loc_A001_p01_s0_50_b04" type="NODE">
        <matrix sid="transform">0.7077515 0.7064615 -9.40694e-7 -78.54676 1.90541e-7 -1.52245e-6 -1 450.2831 -0.7064615 0.7077515 -1.21212e-6 -79.04929 0 0 0 1</matrix>
      </node>
      <node id="loc_A001_p01_s0_50_b05" name="loc_A001_p01_s0_50_b05" type="NODE">
        <matrix sid="transform">9.12384e-4 0.9999996 3.17952e-5 -111.4373 1.18563e-7 3.17951e-5 -1 450.2831 -0.9999996 9.12384e-4 -8.95532e-8 -0.3553162 0 0 0 1</matrix>
      </node>
      <node id="loc_A001_p01_s0_50_b06" name="loc_A001_p01_s0_50_b06" type="NODE">
        <matrix sid="transform">-0.7064617 0.7077513 -1.25822e-6 -79.04931 1.51776e-7 -1.62628e-6 -1 450.2831 -0.7077513 -0.7064617 1.04148e-6 78.5468 0 0 0 1</matrix>
      </node>
      <node id="loc_A001_p01_s0_50_b07" name="loc_A001_p01_s0_50_b07" type="NODE">
        <matrix sid="transform">-0.9999996 9.11864e-4 -7.58182e-8 -0.3553391 7.45826e-8 -1.35508e-6 -1 450.2831 -9.11864e-4 -0.9999996 1.35501e-6 111.4373 0 0 0 1</matrix>
      </node>
      <node id="loc_A001_p01_s0_50_b08" name="loc_A001_p01_s0_50_b08" type="NODE">
        <matrix sid="transform">-0.707751 -0.706462 9.05493e-7 78.54678 -2.29628e-8 -1.25873e-6 -1 450.2831 0.706462 -0.707751 8.74642e-7 79.04933 0 0 0 1</matrix>
      </node>
      <node id="exit_port01" name="exit_port01" type="NODE">
        <matrix sid="transform">1 -1.34359e-7 -3.01992e-7 -6.04311e-5 3.01992e-7 1.94707e-7 1 449.7744 -1.34359e-7 -1 1.94707e-7 4.81173e-6 0 0 0 1</matrix>
      </node>
      <node id="loc_B001_p02_s0_50_b08" name="loc_B001_p02_s0_50_b08" type="NODE">
        <matrix sid="transform">-0.7077509 -0.7064621 9.44182e-7 78.5468 9.25974e-9 -1.34577e-6 -1 361.0183 0.7064621 -0.7077509 9.59012e-7 79.04934 0 0 0 1</matrix>
      </node>
      <node id="loc_B001_p02_s0_50_b07" name="loc_B001_p02_s0_50_b07" type="NODE">
        <matrix sid="transform">-0.9999996 9.11864e-4 -7.58182e-8 -0.3553271 7.45826e-8 -1.35508e-6 -1 361.0183 -9.11864e-4 -0.9999996 1.35501e-6 111.4373 0 0 0 1</matrix>
      </node>
      <node id="loc_B001_p02_s0_50_b06" name="loc_B001_p02_s0_50_b06" type="NODE">
        <matrix sid="transform">-0.7064617 0.7077513 -1.25822e-6 -79.04929 1.51776e-7 -1.62628e-6 -1 361.0183 -0.7077513 -0.7064617 1.04148e-6 78.54681 0 0 0 1</matrix>
      </node>
      <node id="loc_B001_p02_s0_50_b05" name="loc_B001_p02_s0_50_b05" type="NODE">
        <matrix sid="transform">9.12384e-4 0.9999996 3.17952e-5 -111.4372 1.18563e-7 3.17951e-5 -1 361.0183 -0.9999996 9.12384e-4 -8.95532e-8 -0.3553123 0 0 0 1</matrix>
      </node>
      <node id="loc_B001_p02_s0_50_b04" name="loc_B001_p02_s0_50_b04" type="NODE">
        <matrix sid="transform">0.7077515 0.7064615 -9.40694e-7 -78.54675 1.90541e-7 -1.52245e-6 -1 361.0183 -0.7064615 0.7077515 -1.21212e-6 -79.04928 0 0 0 1</matrix>
      </node>
      <node id="loc_B001_p02_s0_50_b03" name="loc_B001_p02_s0_50_b03" type="NODE">
        <matrix sid="transform">0.9999996 -9.12368e-4 7.58504e-8 0.3553739 7.45054e-8 -1.47429e-6 -1 361.0183 9.12368e-4 0.9999996 -1.47422e-6 -111.4372 0 0 0 1</matrix>
      </node>
      <node id="loc_B001_p02_s0_50_b02" name="loc_B001_p02_s0_50_b02" type="NODE">
        <matrix sid="transform">0.7064612 -0.7077518 1.3003e-6 79.04934 2.68881e-9 -1.83454e-6 -1 361.0183 0.7077518 0.7064612 -1.29413e-6 -78.54671 0 0 0 1</matrix>
      </node>
      <node id="loc_B001_p02_s0_50_b01" name="loc_B001_p02_s0_50_b01" type="NODE">
        <matrix sid="transform">-9.12591e-4 -0.9999996 1.83863e-6 111.4373 -3.04672e-8 -1.8386e-6 -1 361.0183 0.9999996 -9.12591e-4 -2.87893e-8 0.3554158 0 0 0 1</matrix>
      </node>
      <node id="entrance_port02" name="entrance_port02" type="NODE">
        <matrix sid="transform">1 -1.34359e-7 -1.34359e-7 -6.86442e-5 1.34359e-7 1.94707e-7 1 510.8989 -1.34359e-7 -1 1.94707e-7 4.45396e-6 0 0 0 1</matrix>
      </node>
      <node id="exit_port02" name="exit_port02" type="NODE">
        <matrix sid="transform">1 -1.34359e-7 -3.01992e-7 -4.84894e-5 3.01992e-7 1.94707e-7 1 360.8954 -1.34359e-7 -1 1.94707e-7 8.69676e-6 0 0 0 1</matrix>
      </node>
      <node id="exit_port03" name="exit_port03" type="NODE">
        <matrix sid="transform">1 -1.34359e-7 -3.01992e-7 1.15856e-5 3.01992e-7 1.94707e-7 1 -86.2278 -1.34359e-7 -1 1.94707e-7 2.82411e-5 0 0 0 1</matrix>
      </node>
      <node id="loc_D001_p03_s0_50_b01" name="loc_D001_p03_s0_50_b01" type="NODE">
        <matrix sid="transform">-9.12591e-4 -0.9999996 1.83863e-6 111.4373 -3.04672e-8 -1.8386e-6 -1 -86.10487 0.9999996 -9.12591e-4 -2.87893e-8 0.3554353 0 0 0 1</matrix>
      </node>
      <node id="loc_D001_p03_s0_50_b02" name="loc_D001_p03_s0_50_b02" type="NODE">
        <matrix sid="transform">0.7064612 -0.7077518 1.3003e-6 79.0494 2.68881e-9 -1.83454e-6 -1 -86.10487 0.7077518 0.7064612 -1.29413e-6 -78.54669 0 0 0 1</matrix>
      </node>
      <node id="loc_D001_p03_s0_50_b03" name="loc_D001_p03_s0_50_b03" type="NODE">
        <matrix sid="transform">0.9999996 -9.12368e-4 7.58504e-8 0.355434 7.45054e-8 -1.47429e-6 -1 -86.10487 9.12368e-4 0.9999996 -1.47422e-6 -111.4372 0 0 0 1</matrix>
      </node>
      <node id="loc_D001_p03_s0_50_b04" name="loc_D001_p03_s0_50_b04" type="NODE">
        <matrix sid="transform">0.7077515 0.7064615 -9.40694e-7 -78.54668 1.90541e-7 -1.52245e-6 -1 -86.10487 -0.7064615 0.7077515 -1.21212e-6 -79.04926 0 0 0 1</matrix>
      </node>
      <node id="loc_D001_p03_s0_50_b05" name="loc_D001_p03_s0_50_b05" type="NODE">
        <matrix sid="transform">9.12384e-4 0.9999996 3.17952e-5 -111.4372 1.18563e-7 3.17951e-5 -1 -86.10487 -0.9999996 9.12384e-4 -8.95532e-8 -0.3552927 0 0 0 1</matrix>
      </node>
      <node id="loc_D001_p03_s0_50_b06" name="loc_D001_p03_s0_50_b06" type="NODE">
        <matrix sid="transform">-0.7064617 0.7077513 -1.25822e-6 -79.04923 1.51776e-7 -1.62628e-6 -1 -86.10487 -0.7077513 -0.7064617 1.04148e-6 78.54683 0 0 0 1</matrix>
      </node>
      <node id="loc_D001_p03_s0_50_b07" name="loc_D001_p03_s0_50_b07" type="NODE">
        <matrix sid="transform">-0.9999996 9.11864e-4 -7.58182e-8 -0.355267 7.45826e-8 -1.35508e-6 -1 -86.10487 -9.11864e-4 -0.9999996 1.35501e-6 111.4373 0 0 0 1</matrix>
      </node>
      <node id="loc_D001_p03_s0_50_b08" name="loc_D001_p03_s0_50_b08" type="NODE">
        <matrix sid="transform">-0.7077505 -0.7064625 9.44182e-7 78.54686 9.26007e-9 -1.34577e-6 -1 -86.10487 0.7064625 -0.7077505 9.59012e-7 79.04936 0 0 0 1</matrix>
      </node>
      <node id="entrance_port03" name="entrance_port03" type="NODE">
        <matrix sid="transform">1 -1.34359e-7 -1.34359e-7 -6.86442e-5 1.34359e-7 1.94707e-7 1 510.8989 -1.34359e-7 -1 1.94707e-7 4.45396e-6 0 0 0 1</matrix>
      </node>
      <node id="exit_port04" name="exit_port04" type="NODE">
        <matrix sid="transform">1 -1.34359e-7 -3.01992e-7 -3.04377e-5 3.01992e-7 1.94707e-7 1 226.5409 -1.34359e-7 -1 1.94707e-7 1.45696e-5 0 0 0 1</matrix>
      </node>
      <node id="loc_C001_p04_s0_100_b04" name="loc_C001_p04_s0_100_b04" type="NODE">
        <matrix sid="transform">-9.12591e-4 -0.9999996 1.83863e-6 111.4373 -3.04672e-8 -1.8386e-6 -1 226.6638 0.9999996 -9.12591e-4 -2.87893e-8 0.3554217 0 0 0 1</matrix>
      </node>
      <node id="loc_C001_p04_s0_100_b03" name="loc_C001_p04_s0_100_b03" type="NODE">
        <matrix sid="transform">0.9999996 -9.12368e-4 7.58504e-8 0.355392 7.45054e-8 -1.47429e-6 -1 226.6638 9.12368e-4 0.9999996 -1.47422e-6 -111.4372 0 0 0 1</matrix>
      </node>
      <node id="loc_C001_p04_s0_100_b02" name="loc_C001_p04_s0_100_b02" type="NODE">
        <matrix sid="transform">9.12384e-4 0.9999996 3.17952e-5 -111.4372 1.18563e-7 3.17951e-5 -1 226.6638 -0.9999996 9.12384e-4 -8.95532e-8 -0.3553064 0 0 0 1</matrix>
      </node>
      <node id="loc_C001_p04_s0_100_b01" name="loc_C001_p04_s0_100_b01" type="NODE">
        <matrix sid="transform">-0.9999996 9.11864e-4 -7.58182e-8 -0.355309 7.45826e-8 -1.35508e-6 -1 226.6638 -9.11864e-4 -0.9999996 1.35501e-6 111.4373 0 0 0 1</matrix>
      </node>
      <node id="entrance_port04" name="entrance_port04" type="NODE">
        <matrix sid="transform">1 -1.34359e-7 -1.34359e-7 -6.86442e-5 1.34359e-7 1.94707e-7 1 510.8989 -1.34359e-7 -1 1.94707e-7 4.45396e-6 0 0 0 1</matrix>
      </node>
      <node id="entrance_port05" name="entrance_port05" type="NODE">
        <matrix sid="transform">1 -1.34359e-7 -1.34359e-7 -6.86442e-5 1.34359e-7 1.94707e-7 1 510.8989 -1.34359e-7 -1 1.94707e-7 4.45396e-6 0 0 0 1</matrix>
      </node>
      <node id="loc_E001_p05_s0_33_b41" name="loc_E001_p05_s0_33_b41" type="NODE">
        <matrix sid="transform">0.921849 -0.3875492 6.83176e-7 40.77646 1.79236e-8 -1.72018e-6 -1 -280.2508 0.3875492 0.921849 -1.5788e-6 -96.33852 0 0 0 1</matrix>
      </node>
      <node id="exit_port05" name="exit_port05" type="NODE">
        <matrix sid="transform">1 -1.34359e-7 -3.01992e-7 3.76708e-5 3.01992e-7 1.94707e-7 1 -280.3737 -1.34359e-7 -1 1.94707e-7 3.67275e-5 0 0 0 1</matrix>
      </node>
      <node id="loc_E001_p05_s0_33_b42" name="loc_E001_p05_s0_33_b42" type="NODE">
        <matrix sid="transform">0.9999948 0.003212243 2.80396e-9 -0.08221817 8.30534e-9 -1.71261e-6 -1 -280.2508 -0.003212243 0.9999948 -1.71263e-6 -104.6127 0 0 0 1</matrix>
      </node>
      <node id="loc_E001_p05_s0_33_b43" name="loc_E001_p05_s0_33_b43" type="NODE">
        <matrix sid="transform">0.9202005 0.3914473 -6.57557e-7 -40.71669 -3.11141e-8 -1.60667e-6 -1 -280.2508 -0.3914473 0.9202005 -1.46628e-6 -96.36376 0 0 0 1</matrix>
      </node>
      <node id="loc_E001_p05_s0_33_b46_001" name="loc_E001_p05_s0_33_b46_001" type="NODE">
        <matrix sid="transform">0.9202005 0.3914473 -6.57557e-7 -40.7167 -3.11141e-8 -1.60667e-6 -1 -219.3728 -0.3914473 0.9202005 -1.46628e-6 -96.36376 0 0 0 1</matrix>
      </node>
      <node id="loc_E001_p05_s0_33_b45_001" name="loc_E001_p05_s0_33_b45_001" type="NODE">
        <matrix sid="transform">0.9999948 0.003212243 2.80396e-9 -0.08222635 8.30534e-9 -1.71261e-6 -1 -219.3728 -0.003212243 0.9999948 -1.71263e-6 -104.6127 0 0 0 1</matrix>
      </node>
      <node id="loc_E001_p05_s0_33_b44" name="loc_E001_p05_s0_33_b44" type="NODE">
        <matrix sid="transform">0.921849 -0.3875492 6.83176e-7 40.77645 1.79236e-8 -1.72018e-6 -1 -219.3728 0.3875492 0.921849 -1.5788e-6 -96.33852 0 0 0 1</matrix>
      </node>
      <node id="loc_E001_p05_s0_33_b47" name="loc_E001_p05_s0_33_b47" type="NODE">
        <matrix sid="transform">0.921849 -0.3875492 6.83176e-7 40.77645 1.79236e-8 -1.72018e-6 -1 -160.1249 0.3875492 0.921849 -1.5788e-6 -96.33852 0 0 0 1</matrix>
      </node>
      <node id="loc_E001_p05_s0_33_b46" name="loc_E001_p05_s0_33_b46" type="NODE">
        <matrix sid="transform">0.9999948 0.003212243 2.80396e-9 -0.08223431 8.30534e-9 -1.71261e-6 -1 -160.1249 -0.003212243 0.9999948 -1.71263e-6 -104.6127 0 0 0 1</matrix>
      </node>
      <node id="loc_E001_p05_s0_33_b45" name="loc_E001_p05_s0_33_b45" type="NODE">
        <matrix sid="transform">0.9202005 0.3914473 -6.57557e-7 -40.71671 -3.11141e-8 -1.60667e-6 -1 -160.1249 -0.3914473 0.9202005 -1.46628e-6 -96.36376 0 0 0 1</matrix>
      </node>
      <node id="loc_E001_p05_s0_33_b19" name="loc_E001_p05_s0_33_b19" type="NODE">
        <matrix sid="transform">-0.3914474 0.9202005 -1.27379e-6 -96.36375 -2.04169e-7 -1.47111e-6 -1 -160.1249 -0.9202005 -0.3914474 7.63737e-7 40.71671 0 0 0 1</matrix>
      </node>
      <node id="loc_E001_p05_s0_33_b18" name="loc_E001_p05_s0_33_b18" type="NODE">
        <matrix sid="transform">-0.003212251 0.9999948 2.2154e-5 -104.6127 -1.76227e-7 2.21536e-5 -1 -160.1249 -0.9999948 -0.003212251 1.05063e-7 0.08227539 0 0 0 1</matrix>
      </node>
      <node id="loc_E001_p05_s0_33_b17" name="loc_E001_p05_s0_33_b17" type="NODE">
        <matrix sid="transform">0.3875491 0.9218491 -1.54641e-6 -96.3385 -7.26274e-8 -1.64698e-6 -1 -160.1249 -0.9218491 0.3875491 -5.71334e-7 -40.77642 0 0 0 1</matrix>
      </node>
      <node id="loc_E001_p05_s0_33_b14" name="loc_E001_p05_s0_33_b14" type="NODE">
        <matrix sid="transform">0.3875491 0.9218491 -1.54641e-6 -96.33849 -7.26274e-8 -1.64698e-6 -1 -219.3728 -0.9218491 0.3875491 -5.71334e-7 -40.77642 0 0 0 1</matrix>
      </node>
      <node id="loc_E001_p05_s0_33_b15" name="loc_E001_p05_s0_33_b15" type="NODE">
        <matrix sid="transform">-0.003212251 0.9999948 2.2154e-5 -104.6127 -1.76227e-7 2.21536e-5 -1 -219.3728 -0.9999948 -0.003212251 1.05063e-7 0.08227539 0 0 0 1</matrix>
      </node>
      <node id="loc_E001_p05_s0_33_b16" name="loc_E001_p05_s0_33_b16" type="NODE">
        <matrix sid="transform">-0.3914474 0.9202005 -1.27379e-6 -96.36374 -2.04169e-7 -1.47111e-6 -1 -219.3728 -0.9202005 -0.3914474 7.63737e-7 40.71671 0 0 0 1</matrix>
      </node>
      <node id="loc_E001_p05_s0_33_b13" name="loc_E001_p05_s0_33_b13" type="NODE">
        <matrix sid="transform">-0.3914474 0.9202005 -1.27379e-6 -96.36373 -2.04169e-7 -1.47111e-6 -1 -280.2508 -0.9202005 -0.3914474 7.63737e-7 40.71671 0 0 0 1</matrix>
      </node>
      <node id="loc_E001_p05_s0_33_b12" name="loc_E001_p05_s0_33_b12" type="NODE">
        <matrix sid="transform">-0.003212251 0.9999948 2.2154e-5 -104.6127 -1.76227e-7 2.21536e-5 -1 -280.2508 -0.9999948 -0.003212251 1.05063e-7 0.08228302 0 0 0 1</matrix>
      </node>
      <node id="loc_E001_p05_s0_33_b11" name="loc_E001_p05_s0_33_b11" type="NODE">
        <matrix sid="transform">0.3875491 0.9218491 -1.54641e-6 -96.33849 -7.26274e-8 -1.64698e-6 -1 -280.2508 -0.9218491 0.3875491 -5.71334e-7 -40.77642 0 0 0 1</matrix>
      </node>
      <node id="loc_E001_p05_s0_33_b21" name="loc_E001_p05_s0_33_b21" type="NODE">
        <matrix sid="transform">-0.921849 0.3875492 -3.69452e-7 -40.7764 -2.71283e-7 -1.59859e-6 -1 -280.2508 -0.3875492 -0.921849 1.5788e-6 96.33853 0 0 0 1</matrix>
      </node>
      <node id="loc_E001_p05_s0_33_b22" name="loc_E001_p05_s0_33_b22" type="NODE">
        <matrix sid="transform">-0.9999948 -0.003212359 2.652e-7 0.08232117 -2.6008e-7 -1.59427e-6 -1 -280.2507 0.003212359 -0.9999948 1.59342e-6 104.6128 0 0 0 1</matrix>
      </node>
      <node id="loc_E001_p05_s0_33_b23" name="loc_E001_p05_s0_33_b23" type="NODE">
        <matrix sid="transform">-0.9202005 -0.3914474 9.65265e-7 40.71671 -2.28386e-7 -1.929e-6 -1 -280.2507 0.3914474 -0.9202005 1.68567e-6 96.36378 0 0 0 1</matrix>
      </node>
      <node id="loc_E001_p05_s0_33_b26" name="loc_E001_p05_s0_33_b26" type="NODE">
        <matrix sid="transform">-0.9202005 -0.3914474 9.65265e-7 40.71671 -2.28386e-7 -1.929e-6 -1 -219.3727 0.3914474 -0.9202005 1.68567e-6 96.36378 0 0 0 1</matrix>
      </node>
      <node id="loc_E001_p05_s0_33_b25" name="loc_E001_p05_s0_33_b25" type="NODE">
        <matrix sid="transform">-0.9999948 -0.003212359 2.652e-7 0.08230591 -2.6008e-7 -1.59427e-6 -1 -219.3728 0.003212359 -0.9999948 1.59342e-6 104.6128 0 0 0 1</matrix>
      </node>
      <node id="loc_E001_p05_s0_33_b24" name="loc_E001_p05_s0_33_b24" type="NODE">
        <matrix sid="transform">-0.921849 0.3875492 -3.69452e-7 -40.77641 -2.71283e-7 -1.59859e-6 -1 -219.3728 -0.3875492 -0.921849 1.5788e-6 96.33852 0 0 0 1</matrix>
      </node>
      <node id="loc_E001_p05_s0_33_b27" name="loc_E001_p05_s0_33_b27" type="NODE">
        <matrix sid="transform">-0.921849 0.3875492 -3.69452e-7 -40.77642 -2.71283e-7 -1.59859e-6 -1 -160.1249 -0.3875492 -0.921849 1.5788e-6 96.33852 0 0 0 1</matrix>
      </node>
      <node id="loc_E001_p05_s0_33_b28" name="loc_E001_p05_s0_33_b28" type="NODE">
        <matrix sid="transform">-0.9999948 -0.003212359 2.652e-7 0.08229828 -2.6008e-7 -1.59427e-6 -1 -160.1249 0.003212359 -0.9999948 1.59342e-6 104.6128 0 0 0 1</matrix>
      </node>
      <node id="loc_E001_p05_s0_33_b29" name="loc_E001_p05_s0_33_b29" type="NODE">
        <matrix sid="transform">-0.9202005 -0.3914474 9.65265e-7 40.7167 -2.28386e-7 -1.929e-6 -1 -160.1249 0.3914474 -0.9202005 1.68567e-6 96.36378 0 0 0 1</matrix>
      </node>
      <node id="loc_E001_p05_s0_33_b39" name="loc_E001_p05_s0_33_b39" type="NODE">
        <matrix sid="transform">0.3914476 -0.9202005 1.64498e-6 96.3638 -1.59265e-8 -1.79441e-6 -1 -160.1249 0.9202005 0.3914476 -7.17073e-7 -40.71665 0 0 0 1</matrix>
      </node>
      <node id="loc_E001_p05_s0_33_b38" name="loc_E001_p05_s0_33_b38" type="NODE">
        <matrix sid="transform">0.003212164 -0.9999948 5.35254e-5 104.6128 -8.62947e-8 -5.35259e-5 -1 -160.1249 0.9999948 0.003212164 -2.58228e-7 -0.08227539 0 0 0 1</matrix>
      </node>
      <node id="loc_E001_p05_s0_33_b37" name="loc_E001_p05_s0_33_b37" type="NODE">
        <matrix sid="transform">-0.3875488 -0.9218492 1.13787e-6 96.33853 -8.46509e-8 -1.19874e-6 -1 -160.1249 0.9218492 -0.3875488 3.86536e-7 40.77645 0 0 0 1</matrix>
      </node>
      <node id="loc_E001_p05_s0_33_b34" name="loc_E001_p05_s0_33_b34" type="NODE">
        <matrix sid="transform">-0.3875488 -0.9218492 1.13787e-6 96.33852 -8.46509e-8 -1.19874e-6 -1 -219.3727 0.9218492 -0.3875488 3.86536e-7 40.77645 0 0 0 1</matrix>
      </node>
      <node id="loc_E001_p05_s0_33_b35" name="loc_E001_p05_s0_33_b35" type="NODE">
        <matrix sid="transform">0.003212164 -0.9999948 5.35254e-5 104.6128 -8.62947e-8 -5.35259e-5 -1 -219.3727 0.9999948 0.003212164 -2.58228e-7 -0.08227539 0 0 0 1</matrix>
      </node>
      <node id="loc_E001_p05_s0_33_b36" name="loc_E001_p05_s0_33_b36" type="NODE">
        <matrix sid="transform">0.3914476 -0.9202005 1.64498e-6 96.3638 -1.59265e-8 -1.79441e-6 -1 -219.3727 0.9202005 0.3914476 -7.17073e-7 -40.71664 0 0 0 1</matrix>
      </node>
      <node id="loc_E001_p05_s0_33_b33" name="loc_E001_p05_s0_33_b33" type="NODE">
        <matrix sid="transform">0.3914476 -0.9202005 1.64498e-6 96.36382 -1.59265e-8 -1.79441e-6 -1 -280.2507 0.9202005 0.3914476 -7.17073e-7 -40.71664 0 0 0 1</matrix>
      </node>
      <node id="loc_E001_p05_s0_33_b32" name="loc_E001_p05_s0_33_b32" type="NODE">
        <matrix sid="transform">0.003212164 -0.9999948 5.35254e-5 104.6128 -8.62947e-8 -5.35259e-5 -1 -280.2507 0.9999948 0.003212164 -2.58228e-7 -0.08227539 0 0 0 1</matrix>
      </node>
      <node id="loc_E001_p05_s0_33_b31" name="loc_E001_p05_s0_33_b31" type="NODE">
        <matrix sid="transform">-0.3875488 -0.9218492 1.13787e-6 96.33855 -8.46509e-8 -1.19874e-6 -1 -280.2508 0.9218492 -0.3875488 3.86536e-7 40.77645 0 0 0 1</matrix>
      </node>
      <node id="dummy" name="dummy" type="NODE">
        <matrix sid="transform">1 0 0 -5.22162e-6 0 1 0 118.4497 0 0 1 41.70764 0 0 0 1</matrix>
        <instance_geometry url="#Cube_014-mesh" name="dummy">
          <bind_material>
            <technique_common>
              <instance_material symbol="facade-material" target="#facade-material"/>
            </technique_common>
          </bind_material>
        </instance_geometry>
      </node>
    </visual_scene>
  </library_visual_scenes>
  <scene>
    <instance_visual_scene url="#Scene"/>
  </scene>
</COLLADA>