<?xml version="1.0" encoding="utf-8"?>
<COLLADA xmlns="http://www.collada.org/2005/11/COLLADASchema" version="1.4.1" xmlns:xsi="http://www.w3.org/2001/XMLSchema-instance">
  <asset>
    <contributor>
      <author>Blender User</author>
      <authoring_tool>Blender 3.3.6 commit date:2023-04-17, commit time:14:03, hash:948f8298b982</authoring_tool>
    </contributor>
    <created>2024-01-07T20:49:35</created>
    <modified>2024-01-07T20:49:35</modified>
    <unit name="meter" meter="1"/>
    <up_axis>Z_UP</up_axis>
  </asset>
  <library_effects>
    <effect id="JoinedMaterial__2-effect">
      <profile_COMMON>
        <technique sid="common">
          <lambert>
            <emission>
              <color sid="emission">0 0 0 1</color>
            </emission>
            <diffuse>
              <color sid="diffuse">0.4096 0.4096 0.4096 1</color>
            </diffuse>
            <index_of_refraction>
              <float sid="ior">1</float>
            </index_of_refraction>
          </lambert>
        </technique>
      </profile_COMMON>
    </effect>
    <effect id="facade_001-effect">
      <profile_COMMON>
        <technique sid="common">
          <lambert>
            <emission>
              <color sid="emission">0 0 0 1</color>
            </emission>
            <diffuse>
              <color sid="diffuse">0.64 0.01314007 0.002662271 1</color>
            </diffuse>
            <index_of_refraction>
              <float sid="ior">1</float>
            </index_of_refraction>
          </lambert>
        </technique>
      </profile_COMMON>
    </effect>
  </library_effects>
  <library_images/>
  <library_materials>
    <material id="JoinedMaterial__2-material" name="JoinedMaterial__2">
      <instance_effect url="#JoinedMaterial__2-effect"/>
    </material>
    <material id="facade_001-material" name="facade.001">
      <instance_effect url="#facade_001-effect"/>
    </material>
  </library_materials>
  <library_geometries>
    <geometry id="collision_pad1Mesh-mesh" name="collision_pad1Mesh">
      <mesh>
        <source id="collision_pad1Mesh-mesh-positions">
          <float_array id="collision_pad1Mesh-mesh-positions-array" count="111">4.17599e-6 103.8285 90.92122 -103.8285 103.8285 90.92122 -103.8285 -3.1814e-5 90.92122 4.17599e-6 -3.1814e-5 90.92122 4.17599e-6 -103.8285 90.92121 103.8285 -103.8285 90.92121 103.8285 -3.1814e-5 90.92121 103.8285 103.8285 90.92122 -103.8285 -103.8285 90.92121 7.95393e-7 95.90474 135.8958 -95.90474 -2.00775e-5 135.8958 7.95391e-7 -2.00775e-5 135.8958 7.9539e-7 -95.90474 135.8958 95.90474 -2.00775e-5 135.8958 -89.24742 89.24742 112.513 2.95239e-6 -1.79801e-5 112.513 2.95238e-6 -89.2474 112.513 89.24742 -89.2474 112.513 89.24742 -1.79801e-5 112.513 89.24742 89.24742 112.513 2.9524e-6 89.24742 112.513 -89.24742 -1.79801e-5 112.513 -89.24742 -89.2474 112.513 1.79333e-5 98.23465 90.92119 1.79333e-5 -4.97628e-5 90.92119 -98.23469 -4.97628e-5 90.92119 1.79333e-5 -98.23476 90.92119 98.23474 -4.97628e-5 90.92119 5.26691e-7 71.93676 135.8958 -71.93679 71.93676 135.8958 5.26691e-7 -2.12671e-5 135.8958 71.93679 -71.93681 135.8958 71.93679 -2.12671e-5 135.8958 71.93679 71.93676 135.8958 -71.93679 -2.12671e-5 135.8958 -71.93679 -71.93681 135.8958 5.26691e-7 -71.93681 135.8958</float_array>
          <technique_common>
            <accessor source="#collision_pad1Mesh-mesh-positions-array" count="37" stride="3">
              <param name="X" type="float"/>
              <param name="Y" type="float"/>
              <param name="Z" type="float"/>
            </accessor>
          </technique_common>
        </source>
        <source id="collision_pad1Mesh-mesh-normals">
          <float_array id="collision_pad1Mesh-mesh-normals-array" count="66">0 0 1 0 0 1 0 -1.46962e-7 1 0 -1.46962e-7 1 1.81175e-7 0 1 0 0 1 0 -2.56458e-7 1 2.4521e-7 0 1 0 -2.56458e-7 1 2.45211e-7 0 1 0 0 1 0 -2.56458e-7 1 0 -2.56458e-7 1 1 0 3.81057e-7 1 0 3.81057e-7 0 -1 6.60046e-7 0 -1 6.60046e-7 1 0 3.81057e-7 1 0 3.81057e-7 0 -1 6.60046e-7 0 -1 6.60046e-7 0 -2.12114e-7 1</float_array>
          <technique_common>
            <accessor source="#collision_pad1Mesh-mesh-normals-array" count="22" stride="3">
              <param name="X" type="float"/>
              <param name="Y" type="float"/>
              <param name="Z" type="float"/>
            </accessor>
          </technique_common>
        </source>
        <source id="collision_pad1Mesh-mesh-map-0">
          <float_array id="collision_pad1Mesh-mesh-map-0-array" count="192">0.5 0.9999 0.5 0.5 0.9999 0.5 10e-5 0.9999 10e-5 0.5 0.5 0.5 0.5 0.5 0.5 0.9999 10e-5 0.9999 0.5 10e-5 0.5 0.5 10e-5 0.5 0.5 0.5 0.5 10e-5 0.9999 10e-5 0.9999 10e-5 0.9999 0.5 0.5 0.5 0.9999 0.5 0.9999 0.9999 0.5 0.9999 10e-5 0.5 10e-5 10e-5 0.5 10e-5 0.5 0.9999 0.5 0.5 0.9999 0.5 10e-5 0.9999 10e-5 0.5 0.5 0.5 0.5 0.5 0.5 0.9999 10e-5 0.9999 0.5 10e-5 0.5 0.5 10e-5 0.5 0.5 0.5 0.5 10e-5 0.9999 10e-5 0.9999 10e-5 0.9999 0.5 0.5 0.5 0.9999 0.5 0.9999 0.9999 0.5 0.9999 10e-5 0.5 10e-5 10e-5 0.5 10e-5 0.5 0.5 0.5 0.9999 0.5 0.9999 0.5 0.9999 0.5 0.5 0.5 0.5 0.5 0.5 10e-5 0.5 10e-5 0.5 10e-5 0.5 0.5 0.5 0.5 0.5 0.5 0.5 0.5 10e-5 0.5 10e-5 0.5 10e-5 0.5 0.5 0.5 0.5 0.9999 0.5 0.5 0.5 0.5 0.5 0.5 0.5 0.9999 0.5 0.9999 0.5 0.5 0.9999 0.5 0.5 0.9999 0.5 10e-5 0.9999 10e-5 0.5 0.5 0.5 0.5 0.5 0.5 0.9999 10e-5 0.9999 0.5 10e-5 0.5 0.5 10e-5 0.5 0.5 0.5 0.5 10e-5 0.9999 10e-5 0.9999 10e-5 0.9999 0.5 0.5 0.5 0.9999 0.5 0.9999 0.9999 0.5 0.9999 10e-5 0.5 10e-5 10e-5 0.5 10e-5</float_array>
          <technique_common>
            <accessor source="#collision_pad1Mesh-mesh-map-0-array" count="96" stride="2">
              <param name="S" type="float"/>
              <param name="T" type="float"/>
            </accessor>
          </technique_common>
        </source>
        <vertices id="collision_pad1Mesh-mesh-vertices">
          <input semantic="POSITION" source="#collision_pad1Mesh-mesh-positions"/>
        </vertices>
        <triangles material="JoinedMaterial__2-material" count="32">
          <input semantic="VERTEX" source="#collision_pad1Mesh-mesh-vertices" offset="0"/>
          <input semantic="NORMAL" source="#collision_pad1Mesh-mesh-normals" offset="1"/>
          <input semantic="TEXCOORD" source="#collision_pad1Mesh-mesh-map-0" offset="2" set="0"/>
          <p>0 0 0 3 0 1 6 0 2 1 1 3 2 1 4 3 1 5 3 0 6 0 0 7 1 0 8 4 2 9 3 2 10 2 2 11 3 3 12 4 3 13 5 3 14 5 4 15 6 4 16 3 4 17 6 5 18 7 5 19 0 5 20 2 3 21 8 3 22 4 3 23 20 6 24 15 6 25 18 6 26 14 7 27 21 7 28 15 7 29 15 8 30 20 8 31 14 8 32 16 9 33 15 9 34 21 9 35 15 0 36 16 0 37 17 0 38 17 10 39 18 10 40 15 10 41 18 11 42 19 11 43 20 11 44 21 12 45 22 12 46 16 12 47 24 13 48 23 13 49 9 13 50 9 14 51 11 14 52 24 14 53 24 15 54 10 15 55 25 15 56 10 16 57 24 16 58 11 16 59 24 17 60 12 17 61 26 17 62 12 18 63 24 18 64 11 18 65 27 19 66 11 19 67 24 19 68 11 20 69 27 20 70 13 20 71 28 0 72 30 0 73 32 0 74 29 21 75 34 21 76 30 21 77 30 0 78 28 0 79 29 0 80 36 0 81 30 0 82 34 0 83 30 0 84 36 0 85 31 0 86 31 0 87 32 0 88 30 0 89 32 0 90 33 0 91 28 0 92 34 0 93 35 0 94 36 0 95</p>
        </triangles>
      </mesh>
    </geometry>
    <geometry id="Plane_004-mesh" name="Plane.004">
      <mesh>
        <source id="Plane_004-mesh-positions">
          <float_array id="Plane_004-mesh-positions-array" count="36">-20.7261 -0.06481009 -29.08187 20.8909 0.06890028 -29.08188 -20.72607 -0.06405961 30.50087 20.89092 0.06965267 30.50086 -5.81097e-6 -0.03773814 -29.08187 -1.13878e-6 -0.03759807 30.50086 -5.81119e-6 -2.506114 -29.08187 -1.13901e-6 -2.505972 30.50086 -20.72665 -0.06104153 0.592263 20.89063 -0.01377123 0.5922543 -20.72665 -2.529416 0.5922623 20.89063 -2.482146 0.5922538</float_array>
          <technique_common>
            <accessor source="#Plane_004-mesh-positions-array" count="12" stride="3">
              <param name="X" type="float"/>
              <param name="Y" type="float"/>
              <param name="Z" type="float"/>
            </accessor>
          </technique_common>
        </source>
        <source id="Plane_004-mesh-normals">
          <float_array id="Plane_004-mesh-normals-array" count="9">-0.003212869 0.9999949 -1.26102e-5 -1 0 0 2.06995e-7 -2.41473e-7 1</float_array>
          <technique_common>
            <accessor source="#Plane_004-mesh-normals-array" count="3" stride="3">
              <param name="X" type="float"/>
              <param name="Y" type="float"/>
              <param name="Z" type="float"/>
            </accessor>
          </technique_common>
        </source>
        <source id="Plane_004-mesh-map-0">
          <float_array id="Plane_004-mesh-map-0-array" count="24">0 0 0 1 1 1 1 0 0 0 0 0 0 0 0 0 0 0 0 0 0 0 0 0</float_array>
          <technique_common>
            <accessor source="#Plane_004-mesh-map-0-array" count="12" stride="2">
              <param name="S" type="float"/>
              <param name="T" type="float"/>
            </accessor>
          </technique_common>
        </source>
        <vertices id="Plane_004-mesh-vertices">
          <input semantic="POSITION" source="#Plane_004-mesh-positions"/>
        </vertices>
        <polylist count="3">
          <input semantic="VERTEX" source="#Plane_004-mesh-vertices" offset="0"/>
          <input semantic="NORMAL" source="#Plane_004-mesh-normals" offset="1"/>
          <input semantic="TEXCOORD" source="#Plane_004-mesh-map-0" offset="2" set="0"/>
          <vcount>4 4 4 </vcount>
          <p>0 0 0 2 0 1 3 0 2 1 0 3 5 1 4 4 1 5 6 1 6 7 1 7 9 2 8 8 2 9 10 2 10 11 2 11</p>
        </polylist>
      </mesh>
    </geometry>
    <geometry id="Plane_002-mesh" name="Plane.002">
      <mesh>
        <source id="Plane_002-mesh-positions">
          <float_array id="Plane_002-mesh-positions-array" count="36">-73.49265 -0.06767559 -89.83592 72.87256 0.1385148 -89.83587 -73.58311 0.00470066 88.9597 72.8725 0.1382673 88.95975 3.97847e-4 0.02072161 -89.83588 3.88187e-4 0.02067059 88.95973 3.97847e-4 -2.506025 -89.83588 3.88186e-4 -2.506074 88.95973 -73.58308 -0.107133 -3.568826 72.87254 0.02643978 -3.568819 -73.58308 -2.633878 -3.568827 72.87254 -2.500305 -3.56882</float_array>
          <technique_common>
            <accessor source="#Plane_002-mesh-positions-array" count="12" stride="3">
              <param name="X" type="float"/>
              <param name="Y" type="float"/>
              <param name="Z" type="float"/>
            </accessor>
          </technique_common>
        </source>
        <source id="Plane_002-mesh-normals">
          <float_array id="Plane_002-mesh-normals-array" count="9">-0.001160264 0.9999994 -2.02001e-4 -1 0 0 0 5.66148e-7 -1</float_array>
          <technique_common>
            <accessor source="#Plane_002-mesh-normals-array" count="3" stride="3">
              <param name="X" type="float"/>
              <param name="Y" type="float"/>
              <param name="Z" type="float"/>
            </accessor>
          </technique_common>
        </source>
        <source id="Plane_002-mesh-map-0">
          <float_array id="Plane_002-mesh-map-0-array" count="24">0 0 0 1 1 1 1 0 0 0 0 0 0 0 0 0 0 0 0 0 0 0 0 0</float_array>
          <technique_common>
            <accessor source="#Plane_002-mesh-map-0-array" count="12" stride="2">
              <param name="S" type="float"/>
              <param name="T" type="float"/>
            </accessor>
          </technique_common>
        </source>
        <vertices id="Plane_002-mesh-vertices">
          <input semantic="POSITION" source="#Plane_002-mesh-positions"/>
        </vertices>
        <polylist count="3">
          <input semantic="VERTEX" source="#Plane_002-mesh-vertices" offset="0"/>
          <input semantic="NORMAL" source="#Plane_002-mesh-normals" offset="1"/>
          <input semantic="TEXCOORD" source="#Plane_002-mesh-map-0" offset="2" set="0"/>
          <vcount>4 4 4 </vcount>
          <p>0 0 0 2 0 1 3 0 2 1 0 3 5 1 4 4 1 5 6 1 6 7 1 7 9 2 8 11 2 9 10 2 10 8 2 11</p>
        </polylist>
      </mesh>
    </geometry>
    <geometry id="Plane_001-mesh" name="Plane.001">
      <mesh>
        <source id="Plane_001-mesh-positions">
          <float_array id="Plane_001-mesh-positions-array" count="36">-37.50128 0.07065105 -45.57873 36.79127 -0.03376418 -45.57868 -37.50133 0.07073253 43.79536 36.79121 -0.03368782 43.79541 5.07091e-6 0.007062852 -45.57871 -6.70745e-6 0.007068574 43.79538 5.07061e-6 -2.506052 -45.57871 -6.70777e-6 -2.506044 43.79538 -37.5013 0.06136327 -1.373839 36.79124 -0.04305541 -1.373828 -37.5013 -2.568011 -1.37384 36.79124 -2.67243 -1.373829</float_array>
          <technique_common>
            <accessor source="#Plane_001-mesh-positions-array" count="12" stride="3">
              <param name="X" type="float"/>
              <param name="Y" type="float"/>
              <param name="Z" type="float"/>
            </accessor>
          </technique_common>
        </source>
        <source id="Plane_001-mesh-normals">
          <float_array id="Plane_001-mesh-normals-array" count="9">0.001405477 0.9999991 -8.81843e-7 -1 0 -1.31787e-7 -1.44173e-7 -2.94694e-7 1</float_array>
          <technique_common>
            <accessor source="#Plane_001-mesh-normals-array" count="3" stride="3">
              <param name="X" type="float"/>
              <param name="Y" type="float"/>
              <param name="Z" type="float"/>
            </accessor>
          </technique_common>
        </source>
        <source id="Plane_001-mesh-map-0">
          <float_array id="Plane_001-mesh-map-0-array" count="24">0 0 0 1 1 1 1 0 0 0 0 0 0 0 0 0 0 0 0 0 0 0 0 0</float_array>
          <technique_common>
            <accessor source="#Plane_001-mesh-map-0-array" count="12" stride="2">
              <param name="S" type="float"/>
              <param name="T" type="float"/>
            </accessor>
          </technique_common>
        </source>
        <vertices id="Plane_001-mesh-vertices">
          <input semantic="POSITION" source="#Plane_001-mesh-positions"/>
        </vertices>
        <polylist count="3">
          <input semantic="VERTEX" source="#Plane_001-mesh-vertices" offset="0"/>
          <input semantic="NORMAL" source="#Plane_001-mesh-normals" offset="1"/>
          <input semantic="TEXCOORD" source="#Plane_001-mesh-map-0" offset="2" set="0"/>
          <vcount>4 4 4 </vcount>
          <p>0 0 0 2 0 1 3 0 2 1 0 3 5 1 4 4 1 5 6 1 6 7 1 7 9 2 8 8 2 9 10 2 10 11 2 11</p>
        </polylist>
      </mesh>
    </geometry>
    <geometry id="Cube_014-mesh" name="Cube.014">
      <mesh>
        <source id="Cube_014-mesh-positions">
          <float_array id="Cube_014-mesh-positions-array" count="24">-1 -1 -1 -1 1 -1 1 1 -1 1 -1 -1 -1 -1 1 -1 1 1 1 1 1 1 -1 1</float_array>
          <technique_common>
            <accessor source="#Cube_014-mesh-positions-array" count="8" stride="3">
              <param name="X" type="float"/>
              <param name="Y" type="float"/>
              <param name="Z" type="float"/>
            </accessor>
          </technique_common>
        </source>
        <source id="Cube_014-mesh-normals">
          <float_array id="Cube_014-mesh-normals-array" count="18">1 0 0 0 -1 0 -1 0 0 0 1 0 0 0 1 0 0 -1</float_array>
          <technique_common>
            <accessor source="#Cube_014-mesh-normals-array" count="6" stride="3">
              <param name="X" type="float"/>
              <param name="Y" type="float"/>
              <param name="Z" type="float"/>
            </accessor>
          </technique_common>
        </source>
        <source id="Cube_014-mesh-map-0">
          <float_array id="Cube_014-mesh-map-0-array" count="72">0.3333334 0 0.6666668 0.3333333 0.6666667 0 0 0.3333334 0.3333333 0.6666666 0.3333333 0.3333333 0 0 0.3333334 0.3333333 0.3333333 0 0.6666667 0.3333333 0.3333334 0.6666666 0.6666668 0.6666666 1 0.3333332 0.6666668 0 0.6666668 0.3333332 0.3333333 0.6666667 0 1 0.3333333 1 0.3333334 0.3333333 0.6666668 0.3333333 0.3333334 0 0 0.6666667 0.3333333 0.6666666 0 0.3333334 1.29143e-7 0.3333333 0.3333334 0.3333333 0 0 0.3333334 0.3333334 0.3333334 0.6666666 0.6666667 0.3333333 1 0 0.6666668 0 1 0.3333332 0 0.6666668 0 1 0.3333333 0.6666667</float_array>
          <technique_common>
            <accessor source="#Cube_014-mesh-map-0-array" count="36" stride="2">
              <param name="S" type="float"/>
              <param name="T" type="float"/>
            </accessor>
          </technique_common>
        </source>
        <vertices id="Cube_014-mesh-vertices">
          <input semantic="POSITION" source="#Cube_014-mesh-positions"/>
        </vertices>
        <triangles material="facade_001-material" count="12">
          <input semantic="VERTEX" source="#Cube_014-mesh-vertices" offset="0"/>
          <input semantic="NORMAL" source="#Cube_014-mesh-normals" offset="1"/>
          <input semantic="TEXCOORD" source="#Cube_014-mesh-map-0" offset="2" set="0"/>
          <p>5 0 0 0 0 1 1 0 2 6 1 3 1 1 4 2 1 5 7 2 6 2 2 7 3 2 8 4 3 9 3 3 10 0 3 11 1 4 12 3 4 13 2 4 14 6 5 15 4 5 16 5 5 17 4 0 18 0 0 19 5 0 20 5 1 21 1 1 22 6 1 23 6 2 24 2 2 25 7 2 26 7 3 27 3 3 28 4 3 29 0 4 30 3 4 31 1 4 32 7 5 33 4 5 34 6 5 35</p>
        </triangles>
      </mesh>
    </geometry>
  </library_geometries>
  <library_visual_scenes>
    <visual_scene id="Scene" name="Scene">
      <node id="collision_port" name="collision_port" type="NODE">
        <matrix sid="transform">3.13916e-7 -1 -1.94707e-7 0 1 3.13917e-7 -7.54979e-8 0 7.54979e-8 -1.94707e-7 1 0 0 0 0 1</matrix>
        <instance_geometry url="#collision_pad1Mesh-mesh" name="collision_port">
          <bind_material>
            <technique_common>
              <instance_material symbol="JoinedMaterial__2-material" target="#JoinedMaterial__2-material">
                <bind_vertex_input semantic="collision_pad1Mesh-mesh-map-0" input_semantic="TEXCOORD" input_set="0"/>
              </instance_material>
            </technique_common>
          </bind_material>
        </instance_geometry>
      </node>
      <node id="collision_pad16" name="collision_pad16" type="NODE">
        <matrix sid="transform">-0.3914475 0.9202005 -1.92831e-6 -96.36374 -0.9202005 -0.3914475 7.25287e-7 40.71675 -8.74228e-8 2.05834e-6 1 55.86814 0 0 0 1</matrix>
        <instance_geometry url="#Plane_004-mesh" name="collision_pad16"/>
      </node>
      <node id="collision_pad17" name="collision_pad17" type="NODE">
        <matrix sid="transform">-0.003212371 0.9999948 -1.25474e-5 -104.6127 -0.9999948 -0.003212371 4.29724e-7 0.08230972 3.89414e-7 1.25488e-5 1 55.86814 0 0 0 1</matrix>
        <instance_geometry url="#Plane_004-mesh" name="collision_pad17"/>
      </node>
      <node id="collision_pad18" name="collision_pad18" type="NODE">
        <matrix sid="transform">0.3875498 0.9218488 -1.22998e-6 -96.33852 -0.9218488 0.3875498 -1.6537e-7 -40.77638 3.24233e-7 1.19795e-6 1 55.86814 0 0 0 1</matrix>
        <instance_geometry url="#Plane_004-mesh" name="collision_pad18"/>
      </node>
      <node id="collision_pad13" name="collision_pad13" type="NODE">
        <matrix sid="transform">-0.3914475 0.9202005 -1.92831e-6 -96.36374 -0.9202005 -0.3914475 7.25287e-7 40.71675 -8.74228e-8 2.05834e-6 1 -3.350822 0 0 0 1</matrix>
        <instance_geometry url="#Plane_004-mesh" name="collision_pad13"/>
      </node>
      <node id="collision_pad14" name="collision_pad14" type="NODE">
        <matrix sid="transform">-0.003212371 0.9999948 -1.25474e-5 -104.6127 -0.9999948 -0.003212371 4.29724e-7 0.08230972 3.89414e-7 1.25488e-5 1 -3.350822 0 0 0 1</matrix>
        <instance_geometry url="#Plane_004-mesh" name="collision_pad14"/>
      </node>
      <node id="collision_pad15" name="collision_pad15" type="NODE">
        <matrix sid="transform">0.3875498 0.9218488 -1.22998e-6 -96.33852 -0.9218488 0.3875498 -1.6537e-7 -40.77638 3.24233e-7 1.19795e-6 1 -3.350822 0 0 0 1</matrix>
        <instance_geometry url="#Plane_004-mesh" name="collision_pad15"/>
      </node>
      <node id="collision_pad10" name="collision_pad10" type="NODE">
        <matrix sid="transform">-0.3914475 0.9202005 -1.92831e-6 -96.36374 -0.9202005 -0.3914475 7.25287e-7 40.71675 -8.74228e-8 2.05834e-6 1 -64.64304 0 0 0 1</matrix>
        <instance_geometry url="#Plane_004-mesh" name="collision_pad10"/>
      </node>
      <node id="collision_pad11" name="collision_pad11" type="NODE">
        <matrix sid="transform">-0.003212371 0.9999948 -1.25474e-5 -104.6127 -0.9999948 -0.003212371 4.29724e-7 0.08230972 3.89414e-7 1.25488e-5 1 -64.64303 0 0 0 1</matrix>
        <instance_geometry url="#Plane_004-mesh" name="collision_pad11"/>
      </node>
      <node id="collision_pad12" name="collision_pad12" type="NODE">
        <matrix sid="transform">0.3875498 0.9218488 -1.22998e-6 -96.33852 -0.9218488 0.3875498 -1.6537e-7 -40.77638 3.24233e-7 1.19795e-6 1 -64.64301 0 0 0 1</matrix>
        <instance_geometry url="#Plane_004-mesh" name="collision_pad12"/>
      </node>
      <node id="collision_pad09" name="collision_pad09" type="NODE">
        <matrix sid="transform">0.9999996 9.12038e-4 3.27174e-7 0.3552225 -9.12038e-4 0.9999996 1.36694e-6 -111.4373 -3.25927e-7 -1.36724e-6 1 0.5500488 0 0 0 1</matrix>
        <instance_geometry url="#Plane_002-mesh" name="collision_pad09"/>
      </node>
      <node id="collision_pad08" name="collision_pad08" type="NODE">
        <matrix sid="transform">-0.9235305 0.383525 -1.78822e-6 -42.97336 -0.383525 -0.9235305 9.69844e-7 102.8186 -1.27952e-6 1.58151e-6 1 45.46563 0 0 0 1</matrix>
        <instance_geometry url="#Plane_001-mesh" name="collision_pad08"/>
      </node>
      <node id="collision_pad07" name="collision_pad07" type="NODE">
        <matrix sid="transform">-0.924228 -0.3818412 -2.35006e-7 42.31701 0.3818412 -0.924228 2.32419e-6 103.0906 -1.10467e-6 2.05834e-6 1 45.46563 0 0 0 1</matrix>
        <instance_geometry url="#Plane_001-mesh" name="collision_pad07"/>
      </node>
      <node id="collision_pad06" name="collision_pad06" type="NODE">
        <matrix sid="transform">-0.3835265 -0.9235299 5.59219e-7 102.8187 0.9235299 -0.3835265 9.12053e-7 42.9735 -6.27833e-7 8.66252e-7 1 45.46563 0 0 0 1</matrix>
        <instance_geometry url="#Plane_001-mesh" name="collision_pad06"/>
      </node>
      <node id="collision_pad05" name="collision_pad05" type="NODE">
        <matrix sid="transform">0.3818406 -0.9242282 1.80073e-6 103.0906 0.9242282 0.3818406 -4.36691e-7 -42.31689 -2.8399e-7 1.83103e-6 1 45.46564 0 0 0 1</matrix>
        <instance_geometry url="#Plane_001-mesh" name="collision_pad05"/>
      </node>
      <node id="collision_pad04" name="collision_pad04" type="NODE">
        <matrix sid="transform">-0.9235305 0.383525 -1.78822e-6 -42.97336 -0.383525 -0.9235305 9.69844e-7 102.8186 -1.27952e-6 1.58151e-6 1 -43.79911 0 0 0 1</matrix>
        <instance_geometry url="#Plane_001-mesh" name="collision_pad04"/>
      </node>
      <node id="collision_pad03" name="collision_pad03" type="NODE">
        <matrix sid="transform">-0.924228 -0.3818412 -2.35006e-7 42.31701 0.3818412 -0.924228 2.32419e-6 103.0906 -1.10467e-6 2.05834e-6 1 -43.79911 0 0 0 1</matrix>
        <instance_geometry url="#Plane_001-mesh" name="collision_pad03"/>
      </node>
      <node id="collision_pad02" name="collision_pad02" type="NODE">
        <matrix sid="transform">-0.3835265 -0.9235299 5.59219e-7 102.8187 0.9235299 -0.3835265 9.12053e-7 42.9735 -6.27833e-7 8.66252e-7 1 -43.7991 0 0 0 1</matrix>
        <instance_geometry url="#Plane_001-mesh" name="collision_pad02"/>
      </node>
      <node id="collision_pad01" name="collision_pad01" type="NODE">
        <matrix sid="transform">0.3818406 -0.9242282 1.80073e-6 103.0906 0.9242282 0.3818406 -4.36691e-7 -42.31689 -2.8399e-7 1.83103e-6 1 -43.79907 0 0 0 1</matrix>
        <instance_geometry url="#Plane_001-mesh" name="collision_pad01"/>
      </node>
      <node id="dummy" name="dummy" type="NODE">
        <matrix sid="transform">1 -3.33601e-13 3.01992e-7 5.32373e-5 0 -1 -1.10467e-6 -118.4497 3.01992e-7 1.10467e-6 -1 -41.70762 0 0 0 1</matrix>
        <instance_geometry url="#Cube_014-mesh" name="dummy">
          <bind_material>
            <technique_common>
              <instance_material symbol="facade_001-material" target="#facade_001-material">
                <bind_vertex_input semantic="Cube_014-mesh-map-0" input_semantic="TEXCOORD" input_set="0"/>
              </instance_material>
            </technique_common>
          </bind_material>
        </instance_geometry>
      </node>
      <node id="entrance_port06" name="entrance_port06" type="NODE">
        <matrix sid="transform">-1 -8.02679e-7 -3.89414e-7 6.55651e-6 -8.02679e-7 1 -1.50996e-7 -8.7738e-5 3.89414e-7 -1.50996e-7 -1 132.823 0 0 0 1</matrix>
      </node>
      <node id="entrance_port05" name="entrance_port05" type="NODE">
        <matrix sid="transform">-1 -8.02679e-7 -3.89414e-7 6.55651e-6 -8.02679e-7 1 -1.50996e-7 -8.7738e-5 3.89414e-7 -1.50996e-7 -1 132.823 0 0 0 1</matrix>
      </node>
      <node id="exit_port06" name="exit_port06" type="NODE">
        <matrix sid="transform">1 -1.60536e-6 6.51682e-7 -2.39611e-5 1.60536e-6 1 4.76837e-7 -7.00951e-5 -6.51683e-7 -4.76836e-7 1 55.86819 0 0 0 1</matrix>
      </node>
      <node id="exit_port05" name="exit_port05" type="NODE">
        <matrix sid="transform">1 -1.60536e-6 6.51682e-7 -2.39611e-5 1.60536e-6 1 4.76837e-7 -7.00951e-5 -6.51683e-7 -4.76836e-7 1 -3.35083 0 0 0 1</matrix>
      </node>
      <node id="entrance_port01" name="entrance_port01" type="NODE">
        <matrix sid="transform">-1 -8.02679e-7 -3.89414e-7 6.55651e-6 -8.02679e-7 1 -1.50996e-7 -8.7738e-5 3.89414e-7 -1.50996e-7 -1 132.823 0 0 0 1</matrix>
      </node>
      <node id="loc_A001_p01_s0_50_b02" name="loc_A001_p01_s0_50_b02" type="NODE">
        <matrix sid="transform">-0.3835266 -0.9235299 5.59219e-7 102.8155 0.9235299 -0.3835266 9.12053e-7 42.97202 -6.27833e-7 8.66252e-7 1 -43.7991 0 0 0 1</matrix>
      </node>
      <node id="loc_A001_p01_s0_50_b01" name="loc_A001_p01_s0_50_b01" type="NODE">
        <matrix sid="transform">0.3818406 -0.9242282 1.80073e-6 103.0873 0.9242282 0.3818406 -4.36691e-7 -42.31569 -2.8399e-7 1.83103e-6 1 -43.79908 0 0 0 1</matrix>
      </node>
      <node id="loc_A001_p01_s0_50_b04" name="loc_A001_p01_s0_50_b04" type="NODE">
        <matrix sid="transform">-0.9235305 0.383525 -1.78822e-6 -42.97204 -0.383525 -0.9235305 9.69844e-7 102.8152 -1.27952e-6 1.58151e-6 1 -43.79911 0 0 0 1</matrix>
      </node>
      <node id="loc_A001_p01_s0_50_b03" name="loc_A001_p01_s0_50_b03" type="NODE">
        <matrix sid="transform">-0.924228 -0.3818412 -2.35006e-7 42.31565 0.3818412 -0.924228 2.32419e-6 103.0872 -1.10467e-6 2.05834e-6 1 -43.79911 0 0 0 1</matrix>
      </node>
      <node id="exit_port01" name="exit_port01" type="NODE">
        <matrix sid="transform">0.9238799 0.3826826 -3.33435e-7 -1.62721e-5 -0.3826826 0.9238799 -1.13462e-7 -1.37806e-4 2.64634e-7 2.32425e-7 1 -43.29041 0 0 0 1</matrix>
      </node>
      <node id="loc_B001_p02_s0_50_b07" name="loc_B001_p02_s0_50_b07" type="NODE">
        <matrix sid="transform">-0.9242279 -0.3818417 -3.26043e-7 42.31565 0.3818417 -0.9242279 2.10383e-6 103.0873 -1.10467e-6 1.81993e-6 1 45.46565 0 0 0 1</matrix>
      </node>
      <node id="loc_B001_p02_s0_50_b08" name="loc_B001_p02_s0_50_b08" type="NODE">
        <matrix sid="transform">-0.9235305 0.383525 -1.78822e-6 -42.97208 -0.383525 -0.9235305 9.69844e-7 102.8153 -1.27952e-6 1.58151e-6 1 45.46563 0 0 0 1</matrix>
      </node>
      <node id="loc_B001_p02_s0_50_b05" name="loc_B001_p02_s0_50_b05" type="NODE">
        <matrix sid="transform">0.3818406 -0.9242282 1.80073e-6 103.0873 0.9242282 0.3818406 -4.36691e-7 -42.31568 -2.8399e-7 1.83103e-6 1 45.46569 0 0 0 1</matrix>
      </node>
      <node id="loc_B001_p02_s0_50_b06" name="loc_B001_p02_s0_50_b06" type="NODE">
        <matrix sid="transform">-0.3835266 -0.9235299 5.59219e-7 102.8155 0.9235299 -0.3835266 9.12053e-7 42.97202 -6.27833e-7 8.66252e-7 1 45.46568 0 0 0 1</matrix>
      </node>
      <node id="entrance_port02" name="entrance_port02" type="NODE">
        <matrix sid="transform">-1 -8.02679e-7 -3.89414e-7 6.55651e-6 -8.02679e-7 1 -1.50996e-7 -8.7738e-5 3.89414e-7 -1.50996e-7 -1 132.823 0 0 0 1</matrix>
      </node>
      <node id="exit_port02" name="exit_port02" type="NODE">
        <matrix sid="transform">0.9238799 0.3826826 -3.33435e-7 -3.53456e-5 -0.3826826 0.9238799 -1.13462e-7 -1.22547e-4 2.64634e-7 2.32425e-7 1 45.58858 0 0 0 1</matrix>
      </node>
      <node id="entrance_port03" name="entrance_port03" type="NODE">
        <matrix sid="transform">-1 -8.02679e-7 -3.89414e-7 6.55651e-6 -8.02679e-7 1 -1.50996e-7 -8.7738e-5 3.89414e-7 -1.50996e-7 -1 132.823 0 0 0 1</matrix>
      </node>
      <node id="exit_port04" name="exit_port04" type="NODE">
        <matrix sid="transform">1 -1.60536e-6 6.51682e-7 -2.40803e-5 1.60536e-6 1 4.76837e-7 -1.3113e-4 -6.51683e-7 -4.76836e-7 1 0.6729431 0 0 0 1</matrix>
      </node>
      <node id="loc_C001_p04_s0_100_b09" name="loc_C001_p04_s0_100_b09" type="NODE">
        <matrix sid="transform">0.9999996 -9.118e-4 1.75891e-7 0.3551872 9.118e-4 0.9999996 -1.19209e-6 -111.4339 -1.74804e-7 1.19225e-6 1 0.5500526 0 0 0 1</matrix>
      </node>
      <node id="entrance_port04" name="entrance_port04" type="NODE">
        <matrix sid="transform">-1 -8.02679e-7 -3.89414e-7 6.55651e-6 -8.02679e-7 1 -1.50996e-7 -8.7738e-5 3.89414e-7 -1.50996e-7 -1 132.823 0 0 0 1</matrix>
      </node>
      <node id="exit_port03" name="exit_port03" type="NODE">
        <matrix sid="transform">1 -1.60536e-6 6.51682e-7 -2.40207e-5 1.60536e-6 1 4.76837e-7 -7.00951e-5 -6.51683e-7 -4.76836e-7 1 -64.64302 0 0 0 1</matrix>
      </node>
      <node id="loc_E001_p03_s0_33_b10" name="loc_E001_p03_s0_33_b10" type="NODE">
        <matrix sid="transform">-0.3914475 0.9202003 -1.92831e-6 -96.36072 -0.9202003 -0.3914475 7.25287e-7 40.71534 -8.74228e-8 2.05834e-6 1 -64.64304 0 0 0 1</matrix>
      </node>
      <node id="loc_E001_p03_s0_33_b11" name="loc_E001_p03_s0_33_b11" type="NODE">
        <matrix sid="transform">-0.003212402 0.9999947 -1.25474e-5 -104.6094 -0.9999947 -0.003212402 4.29724e-7 0.08217478 3.89414e-7 1.25488e-5 1 -64.64303 0 0 0 1</matrix>
      </node>
      <node id="loc_E001_p03_s0_33_b12" name="loc_E001_p03_s0_33_b12" type="NODE">
        <matrix sid="transform">0.3875498 0.9218487 -1.22998e-6 -96.33552 -0.9218487 0.3875498 -1.6537e-7 -40.77523 3.24233e-7 1.19795e-6 1 -64.64301 0 0 0 1</matrix>
      </node>
      <node id="loc_E001_p03_s0_33_b15" name="loc_E001_p03_s0_33_b15" type="NODE">
        <matrix sid="transform">0.3875498 0.9218487 -1.22998e-6 -96.33552 -0.9218487 0.3875498 -1.6537e-7 -40.77521 3.24233e-7 1.19795e-6 1 -3.350815 0 0 0 1</matrix>
      </node>
      <node id="loc_E001_p03_s0_33_b14" name="loc_E001_p03_s0_33_b14" type="NODE">
        <matrix sid="transform">-0.003212402 0.9999947 -1.25474e-5 -104.6094 -0.9999947 -0.003212402 4.29724e-7 0.08220291 3.89414e-7 1.25488e-5 1 -3.350822 0 0 0 1</matrix>
      </node>
      <node id="loc_E001_p03_s0_33_b13" name="loc_E001_p03_s0_33_b13" type="NODE">
        <matrix sid="transform">-0.3914475 0.9202003 -1.92831e-6 -96.36072 -0.9202003 -0.3914475 7.25287e-7 40.71532 -8.74228e-8 2.05834e-6 1 -3.350845 0 0 0 1</matrix>
      </node>
      <node id="loc_E001_p03_s0_33_b16" name="loc_E001_p03_s0_33_b16" type="NODE">
        <matrix sid="transform">-0.3914475 0.9202003 -1.92831e-6 -96.36072 -0.9202003 -0.3914475 7.25287e-7 40.71535 -8.74228e-8 2.05834e-6 1 55.86813 0 0 0 1</matrix>
      </node>
      <node id="loc_E001_p03_s0_33_b17" name="loc_E001_p03_s0_33_b17" type="NODE">
        <matrix sid="transform">-0.003212402 0.9999947 -1.25474e-5 -104.6094 -0.9999947 -0.003212402 4.29724e-7 0.08221531 3.89414e-7 1.25488e-5 1 55.86814 0 0 0 1</matrix>
      </node>
      <node id="loc_E001_p03_s0_33_b18" name="loc_E001_p03_s0_33_b18" type="NODE">
        <matrix sid="transform">0.3875498 0.9218487 -1.22998e-6 -96.33555 -0.9218487 0.3875498 -1.6537e-7 -40.77521 3.24233e-7 1.19795e-6 1 55.86819 0 0 0 1</matrix>
      </node>
    </visual_scene>
  </library_visual_scenes>
  <scene>
    <instance_visual_scene url="#Scene"/>
  </scene>
</COLLADA>