<?xml version="1.0" encoding="utf-8"?>
<COLLADA xmlns="http://www.collada.org/2005/11/COLLADASchema" version="1.4.1">
  <asset>
    <contributor>
      <author>Blender User</author>
      <authoring_tool>Blender 2.78.0 commit date:2016-10-24, commit time:12:20, hash:e8299c8</authoring_tool>
    </contributor>
    <created>2017-02-08T17:37:43</created>
    <modified>2017-02-08T17:37:43</modified>
    <unit name="meter" meter="1"/>
    <up_axis>Z_UP</up_axis>
  </asset>
  <library_images/>
  <library_effects>
    <effect id="facade-effect">
      <profile_COMMON>
        <technique sid="common">
          <phong>
            <emission>
              <color sid="emission">0 0 0 1</color>
            </emission>
            <ambient>
              <color sid="ambient">0 0 0 1</color>
            </ambient>
            <diffuse>
              <color sid="diffuse">0.64 0.01314007 0.002662271 1</color>
            </diffuse>
            <specular>
              <color sid="specular">0.125 0.125 0.125 1</color>
            </specular>
            <shininess>
              <float sid="shininess">50</float>
            </shininess>
            <index_of_refraction>
              <float sid="index_of_refraction">1</float>
            </index_of_refraction>
          </phong>
        </technique>
      </profile_COMMON>
    </effect>
  </library_effects>
  <library_materials>
    <material id="facade-material" name="facade">
      <instance_effect url="#facade-effect"/>
    </material>
  </library_materials>
  <library_geometries>
    <geometry id="Cube_014-mesh" name="Cube.014">
      <mesh>
        <source id="Cube_014-mesh-positions">
          <float_array id="Cube_014-mesh-positions-array" count="24">-1 -1 -1 -1 1 -1 1 1 -1 1 -1 -1 -1 -1 1 -1 1 1 1 1 1 1 -1 1</float_array>
          <technique_common>
            <accessor source="#Cube_014-mesh-positions-array" count="8" stride="3">
              <param name="X" type="float"/>
              <param name="Y" type="float"/>
              <param name="Z" type="float"/>
            </accessor>
          </technique_common>
        </source>
        <source id="Cube_014-mesh-normals">
          <float_array id="Cube_014-mesh-normals-array" count="18">-1 0 0 0 1 0 1 0 0 0 -1 0 0 0 -1 0 0 1</float_array>
          <technique_common>
            <accessor source="#Cube_014-mesh-normals-array" count="6" stride="3">
              <param name="X" type="float"/>
              <param name="Y" type="float"/>
              <param name="Z" type="float"/>
            </accessor>
          </technique_common>
        </source>
        <source id="Cube_014-mesh-map-0">
          <float_array id="Cube_014-mesh-map-0-array" count="72">0.3333334 0 0.6666667 0 0.6666668 0.3333333 0 0.3333334 0.3333333 0.3333333 0.3333333 0.6666666 0 0 0.3333333 0 0.3333334 0.3333333 0.6666667 0.3333333 0.6666668 0.6666666 0.3333334 0.6666666 1 0.3333332 0.6666668 0.3333332 0.6666668 0 0.3333333 0.6666667 0.3333333 1 0 1 0.3333334 0.3333333 0.3333334 0 0.6666668 0.3333333 0 0.6666667 0 0.3333334 0.3333333 0.6666666 1.29143e-7 0.3333333 0 0 0.3333334 0.3333333 0.3333334 0.3333334 0.6666667 0.3333333 0.3333334 0.6666666 1 0 1 0.3333332 0.6666668 0 0 0.6666668 0.3333333 0.6666667 0 1</float_array>
          <technique_common>
            <accessor source="#Cube_014-mesh-map-0-array" count="36" stride="2">
              <param name="S" type="float"/>
              <param name="T" type="float"/>
            </accessor>
          </technique_common>
        </source>
        <vertices id="Cube_014-mesh-vertices">
          <input semantic="POSITION" source="#Cube_014-mesh-positions"/>
        </vertices>
        <polylist material="facade-material" count="12">
          <input semantic="VERTEX" source="#Cube_014-mesh-vertices" offset="0"/>
          <input semantic="NORMAL" source="#Cube_014-mesh-normals" offset="1"/>
          <input semantic="TEXCOORD" source="#Cube_014-mesh-map-0" offset="2" set="0"/>
          <vcount>3 3 3 3 3 3 3 3 3 3 3 3 </vcount>
          <p>5 0 0 1 0 1 0 0 2 6 1 3 2 1 4 1 1 5 7 2 6 3 2 7 2 2 8 4 3 9 0 3 10 3 3 11 1 4 12 2 4 13 3 4 14 6 5 15 5 5 16 4 5 17 4 0 18 5 0 19 0 0 20 5 1 21 6 1 22 1 1 23 6 2 24 7 2 25 2 2 26 7 3 27 4 3 28 3 3 29 0 4 30 1 4 31 3 4 32 7 5 33 6 5 34 4 5 35</p>
        </polylist>
      </mesh>
    </geometry>
  </library_geometries>
  <library_controllers/>
  <library_visual_scenes>
    <visual_scene id="Scene" name="Scene">
      <node id="entrance_port01" name="entrance_port01" type="NODE">
        <matrix sid="transform">1 -6.51683e-7 -1.81849e-13 3.05176e-5 -2.01042e-15 -2.8213e-7 1 132.823 -6.51683e-7 -1 -2.8213e-7 -4.94234e-5 0 0 0 1</matrix>
      </node>
      <node id="loc_A001_p01_s0_50_b01" name="loc_A001_p01_s0_50_b01" type="NODE">
        <matrix sid="transform">-0.3835264 -0.9235299 1.33656e-6 102.8187 -3.16387e-7 1.57862e-6 1 -43.7991 -0.9235299 0.3835264 -8.97634e-7 -42.9735 0 0 0 1</matrix>
      </node>
      <node id="loc_A001_p01_s0_50_b02" name="loc_A001_p01_s0_50_b02" type="NODE">
        <matrix sid="transform">0.3818409 -0.9242281 1.85522e-6 103.0906 -8.63468e-9 2.00375e-6 1 -43.79908 -0.9242281 -0.3818409 7.57132e-7 42.3169 0 0 0 1</matrix>
      </node>
      <node id="loc_A001_p01_s0_50_b07" name="loc_A001_p01_s0_50_b07" type="NODE">
        <matrix sid="transform">-0.9235306 0.3835248 -1.03407e-6 -42.97336 -4.63796e-7 1.57941e-6 1 -43.79911 0.3835248 0.9235306 -1.28075e-6 -102.8186 0 0 0 1</matrix>
      </node>
      <node id="loc_A001_p01_s0_50_b08" name="loc_A001_p01_s0_50_b08" type="NODE">
        <matrix sid="transform">-0.9242283 -0.3818403 4.59895e-7 42.31701 -4.42993e-7 2.27666e-6 1 -43.79912 -0.3818403 0.9242283 -2.27331e-6 -103.0906 0 0 0 1</matrix>
      </node>
      <node id="exit_port01" name="exit_port01" type="NODE">
        <matrix sid="transform">0.9238799 0.3826825 -4.00549e-7 7.62939e-6 3.43367e-7 2.17725e-7 1 -43.29041 0.3826825 -0.9238799 6.9751e-8 7.6294e-6 0 0 0 1</matrix>
      </node>
      <node id="loc_B001_p02_s0_50_b08" name="loc_B001_p02_s0_50_b08" type="NODE">
        <matrix sid="transform">-0.9242279 -0.3818412 4.32129e-7 42.31699 -4.26587e-7 2.16423e-6 1 45.46565 -0.3818412 0.9242279 -2.16313e-6 -103.0906 0 0 0 1</matrix>
      </node>
      <node id="loc_B001_p02_s0_50_b07" name="loc_B001_p02_s0_50_b07" type="NODE">
        <matrix sid="transform">-0.9235306 0.3835248 -1.03407e-6 -42.9734 -4.63796e-7 1.57941e-6 1 45.46563 0.3835248 0.9235306 -1.28075e-6 -102.8187 0 0 0 1</matrix>
      </node>
      <node id="loc_B001_p02_s0_50_b02" name="loc_B001_p02_s0_50_b02" type="NODE">
        <matrix sid="transform">0.3818409 -0.9242281 1.85522e-6 103.0906 -8.63468e-9 2.00375e-6 1 45.46569 -0.9242281 -0.3818409 7.57132e-7 42.31688 0 0 0 1</matrix>
      </node>
      <node id="loc_B001_p02_s0_50_b01" name="loc_B001_p02_s0_50_b01" type="NODE">
        <matrix sid="transform">-0.3835264 -0.9235299 1.33656e-6 102.8187 -3.16387e-7 1.57862e-6 1 45.46568 -0.9235299 0.3835264 -8.97634e-7 -42.9735 0 0 0 1</matrix>
      </node>
      <node id="entrance_port02" name="entrance_port02" type="NODE">
        <matrix sid="transform">1 -6.51683e-7 -1.81849e-13 3.05176e-5 -2.01042e-15 -2.8213e-7 1 132.823 -6.51683e-7 -1 -2.8213e-7 -4.94234e-5 0 0 0 1</matrix>
      </node>
      <node id="exit_port02" name="exit_port02" type="NODE">
        <matrix sid="transform">0.9238799 0.3826825 -4.00549e-7 -1.14441e-5 3.43367e-7 2.17725e-7 1 45.58858 0.3826825 -0.9238799 6.9751e-8 -1.14441e-5 0 0 0 1</matrix>
      </node>
      <node id="entrance_port03" name="entrance_port03" type="NODE">
        <matrix sid="transform">1 -6.51683e-7 -1.81849e-13 3.05176e-5 -2.01042e-15 -2.8213e-7 1 132.823 -6.51683e-7 -1 -2.8213e-7 -4.94234e-5 0 0 0 1</matrix>
      </node>
      <node id="exit_port04" name="exit_port04" type="NODE">
        <matrix sid="transform">1 -1.60536e-6 -5.8422e-13 -1.19209e-7 1.313e-13 -2.8213e-7 1 0.6729431 -1.60536e-6 -1 -2.8213e-7 -1.19209e-7 0 0 0 1</matrix>
      </node>
      <node id="loc_C001_p04_s0_100_b01" name="loc_C001_p04_s0_100_b01" type="NODE">
        <matrix sid="transform">0.9999996 -9.118e-4 -3.24853e-7 0.3552225 3.259e-7 1.14808e-6 1 0.5500565 -9.118e-4 -0.9999996 1.14838e-6 111.4373 0 0 0 1</matrix>
      </node>
      <node id="entrance_port04" name="entrance_port04" type="NODE">
        <matrix sid="transform">1 -6.51683e-7 -1.81849e-13 3.05176e-5 -2.01042e-15 -2.8213e-7 1 132.823 -6.51683e-7 -1 -2.8213e-7 -4.94234e-5 0 0 0 1</matrix>
      </node>
      <node id="exit_port03" name="exit_port03" type="NODE">
        <matrix sid="transform">1 -1.60536e-6 -5.8422e-13 -1.78801e-7 1.313e-13 -2.8213e-7 1 0.8328056 -1.60536e-6 -1 -2.8213e-7 -6.1214e-5 0 0 0 1</matrix>
      </node>
      <node id="loc_E001_p03_s0_33_b19" name="loc_E001_p03_s0_33_b19" type="NODE">
        <matrix sid="transform">-0.3914475 0.9202005 -1.87429e-6 -96.36374 2.38198e-7 2.13816e-6 1 -64.64304 0.9202005 0.3914475 -1.05617e-6 -40.71675 0 0 0 1</matrix>
      </node>
      <node id="loc_E001_p03_s0_33_b18" name="loc_E001_p03_s0_33_b18" type="NODE">
        <matrix sid="transform">-0.00321249 0.9999948 2.43053e-5 -104.6127 5.24467e-7 -2.43037e-5 1 -64.64303 0.9999948 0.00321249 -4.46389e-7 -0.08230743 0 0 0 1</matrix>
      </node>
      <node id="loc_E001_p03_s0_33_b17" name="loc_E001_p03_s0_33_b17" type="NODE">
        <matrix sid="transform">0.38755 0.9218487 -1.49289e-6 -96.33852 5.51597e-7 1.38756e-6 1 -64.64301 0.9218487 -0.38755 2.92592e-8 40.77639 0 0 0 1</matrix>
      </node>
      <node id="loc_E001_p03_s0_33_b14" name="loc_E001_p03_s0_33_b14" type="NODE">
        <matrix sid="transform">0.38755 0.9218487 -1.49289e-6 -96.33853 5.51597e-7 1.38756e-6 1 -3.350815 0.9218487 -0.38755 2.92592e-8 40.77636 0 0 0 1</matrix>
      </node>
      <node id="loc_E001_p03_s0_33_b15" name="loc_E001_p03_s0_33_b15" type="NODE">
        <matrix sid="transform">-0.00321249 0.9999948 2.43053e-5 -104.6127 5.24467e-7 -2.43037e-5 1 -3.350822 0.9999948 0.00321249 -4.46389e-7 -0.08233795 0 0 0 1</matrix>
      </node>
      <node id="loc_E001_p03_s0_33_b16" name="loc_E001_p03_s0_33_b16" type="NODE">
        <matrix sid="transform">-0.3914475 0.9202005 -1.87429e-6 -96.36375 2.38198e-7 2.13816e-6 1 -3.350845 0.9202005 0.3914475 -1.05617e-6 -40.71674 0 0 0 1</matrix>
      </node>
      <node id="loc_E001_p03_s0_33_b13" name="loc_E001_p03_s0_33_b13" type="NODE">
        <matrix sid="transform">-0.3914475 0.9202005 -1.87429e-6 -96.36375 2.38198e-7 2.13816e-6 1 55.86813 0.9202005 0.3914475 -1.05617e-6 -40.71677 0 0 0 1</matrix>
      </node>
      <node id="loc_E001_p03_s0_33_b12" name="loc_E001_p03_s0_33_b12" type="NODE">
        <matrix sid="transform">-0.00321249 0.9999948 2.43053e-5 -104.6127 5.24467e-7 -2.43037e-5 1 55.86814 0.9999948 0.00321249 -4.46389e-7 -0.0823532 0 0 0 1</matrix>
      </node>
      <node id="loc_E001_p03_s0_33_b11" name="loc_E001_p03_s0_33_b11" type="NODE">
        <matrix sid="transform">0.38755 0.9218487 -1.49289e-6 -96.33855 5.51597e-7 1.38756e-6 1 55.86819 0.9218487 -0.38755 2.92592e-8 40.77636 0 0 0 1</matrix>
      </node>
      <node id="dummy" name="dummy" type="NODE">
        <matrix sid="transform">1 -3.33601e-13 3.01992e-7 5.32373e-5 0 -1 -1.10467e-6 -118.4497 3.01992e-7 1.10467e-6 -1 -41.70762 0 0 0 1</matrix>
        <instance_geometry url="#Cube_014-mesh" name="dummy">
          <bind_material>
            <technique_common>
              <instance_material symbol="facade-material" target="#facade-material"/>
            </technique_common>
          </bind_material>
        </instance_geometry>
      </node>
    </visual_scene>
  </library_visual_scenes>
  <scene>
    <instance_visual_scene url="#Scene"/>
  </scene>
</COLLADA>