<?xml version="1.0" encoding="utf-8"?>
<COLLADA xmlns="http://www.collada.org/2005/11/COLLADASchema" version="1.4.1">
  <asset>
    <contributor>
      <author>Blender User</author>
      <authoring_tool>Blender 2.72.0 commit date:2014-10-15, commit time:15:23, hash:73f5a41</authoring_tool>
    </contributor>
    <created>2014-12-29T18:58:43</created>
    <modified>2014-12-29T18:58:43</modified>
    <unit name="meter" meter="1"/>
    <up_axis>Z_UP</up_axis>
  </asset>
  <library_images/>
  <library_effects>
    <effect id="JoinedMaterial__2-effect">
      <profile_COMMON>
        <technique sid="common">
          <phong>
            <emission>
              <color sid="emission">0 0 0 1</color>
            </emission>
            <ambient>
              <color sid="ambient">0 0 0 1</color>
            </ambient>
            <diffuse>
              <color sid="diffuse">0.4096 0.4096 0.4096 1</color>
            </diffuse>
            <specular>
              <color sid="specular">0.125 0.125 0.125 1</color>
            </specular>
            <shininess>
              <float sid="shininess">32</float>
            </shininess>
            <index_of_refraction>
              <float sid="index_of_refraction">1</float>
            </index_of_refraction>
          </phong>
        </technique>
      </profile_COMMON>
    </effect>
    <effect id="facade-effect">
      <profile_COMMON>
        <technique sid="common">
          <phong>
            <emission>
              <color sid="emission">0 0 0 1</color>
            </emission>
            <ambient>
              <color sid="ambient">0 0 0 1</color>
            </ambient>
            <diffuse>
              <color sid="diffuse">0.64 0.01314007 0.002662271 1</color>
            </diffuse>
            <specular>
              <color sid="specular">0.5 0.5 0.5 1</color>
            </specular>
            <shininess>
              <float sid="shininess">50</float>
            </shininess>
            <index_of_refraction>
              <float sid="index_of_refraction">1</float>
            </index_of_refraction>
          </phong>
        </technique>
      </profile_COMMON>
    </effect>
  </library_effects>
  <library_materials>
    <material id="JoinedMaterial__2-material" name="JoinedMaterial__2">
      <instance_effect url="#JoinedMaterial__2-effect"/>
    </material>
    <material id="facade-material" name="facade">
      <instance_effect url="#facade-effect"/>
    </material>
  </library_materials>
  <library_geometries>
    <geometry id="collision_pad1Mesh-mesh" name="collision_pad1Mesh">
      <mesh>
        <source id="collision_pad1Mesh-mesh-positions">
          <float_array id="collision_pad1Mesh-mesh-positions-array" count="384">0 109.9739 428.3379 0 -3.80603e-6 428.3379 109.9739 -3.80603e-6 428.3379 -109.9739 109.9739 428.3379 -109.9739 -3.80603e-6 428.3379 0 -3.80603e-6 428.3379 0 -3.80603e-6 428.3379 0 109.9739 428.3379 -109.9739 109.9739 428.3379 0 -109.9739 428.3379 0 -3.80603e-6 428.3379 -109.9739 -3.80603e-6 428.3379 0 -3.80603e-6 428.3379 0 -109.9739 428.3379 109.9739 -109.9739 428.3379 109.9739 -109.9739 428.3379 109.9739 -3.80603e-6 428.3379 0 -3.80603e-6 428.3379 109.9739 -3.80603e-6 428.3379 109.9739 109.9739 428.3379 0 109.9739 428.3379 -109.9739 -3.80603e-6 428.3379 -109.9739 -109.9739 428.3379 0 -109.9739 428.3379 0 109.9739 525.5236 0 -3.80603e-6 525.5236 109.9739 -3.80603e-6 525.5236 -109.9739 109.9739 525.5236 -109.9739 -3.80603e-6 525.5236 0 -3.80603e-6 525.5236 0 -3.80603e-6 525.5236 0 109.9739 525.5236 -109.9739 109.9739 525.5236 0 -109.9739 525.5236 0 -3.80603e-6 525.5236 -109.9739 -3.80603e-6 525.5236 0 -3.80603e-6 525.5236 0 -109.9739 525.5236 109.9739 -109.9739 525.5236 109.9739 -109.9739 525.5236 109.9739 -3.80603e-6 525.5236 0 -3.80603e-6 525.5236 109.9739 -3.80603e-6 525.5236 109.9739 109.9739 525.5236 0 109.9739 525.5236 -109.9739 -3.80603e-6 525.5236 -109.9739 -109.9739 525.5236 0 -109.9739 525.5236 0 109.9739 472.5839 0 -3.80603e-6 472.5839 109.9739 -3.80603e-6 472.5839 -109.9739 109.9739 472.5839 -109.9739 -3.80603e-6 472.5839 0 -3.80603e-6 472.5839 0 -3.80603e-6 472.5839 0 109.9739 472.5839 -109.9739 109.9739 472.5839 0 -109.9739 472.5839 0 -3.80603e-6 472.5839 -109.9739 -3.80603e-6 472.5839 0 -3.80603e-6 472.5839 0 -109.9739 472.5839 109.9739 -109.9739 472.5839 109.9739 -109.9739 472.5839 109.9739 -3.80603e-6 472.5839 0 -3.80603e-6 472.5839 109.9739 -3.80603e-6 472.5839 109.9739 109.9739 472.5839 0 109.9739 472.5839 -109.9739 -3.80603e-6 472.5839 -109.9739 -109.9739 472.5839 0 -109.9739 472.5839 0 -5.11846e-6 -332.9939 0 109.9739 -332.9939 0 -5.11846e-6 -332.9939 -109.9739 -5.11846e-6 -332.9939 0 -5.11846e-6 -332.9939 0 -109.9739 -332.9939 109.9739 -5.11846e-6 -332.9939 0 -5.11846e-6 -332.9939 73.31592 109.9738 -330.1317 73.31592 -3.69599e-5 -330.1317 -36.65796 -3.69599e-5 -330.1317 -36.65796 109.9738 -330.1317 -36.65796 -3.69599e-5 -330.1317 -146.6318 -3.69599e-5 -330.1317 -73.31592 -3.69599e-5 -330.1317 -73.31592 109.9738 -330.1317 36.65796 109.9738 -330.1317 -73.31592 -109.9739 -330.1317 -73.31592 -3.69599e-5 -330.1317 36.65796 -3.69599e-5 -330.1317 73.31592 -3.69599e-5 -330.1317 73.31592 -109.9739 -330.1317 -36.65796 -109.9739 -330.1317 36.65796 -109.9739 -330.1317 36.65796 -3.69599e-5 -330.1317 146.6318 -3.69599e-5 -330.1317 36.65796 -3.69599e-5 -330.1317 36.65796 109.9738 -330.1317 146.6318 109.9738 -330.1317 -36.65796 -3.69599e-5 -330.1317 -36.65796 -109.9739 -330.1317 -146.6318 -109.9739 -330.1317 73.31592 109.9738 -285.8856 73.31592 -3.69599e-5 -285.8856 -36.65796 -3.69599e-5 -285.8856 -36.65796 109.9738 -285.8856 -36.65796 -3.69599e-5 -285.8856 -146.6318 -3.69599e-5 -285.8856 -73.31592 -3.69599e-5 -285.8856 -73.31592 109.9738 -285.8856 36.65796 109.9738 -285.8856 -73.31592 -109.9739 -285.8856 -73.31592 -3.69599e-5 -285.8856 36.65796 -3.69599e-5 -285.8856 73.31592 -3.69599e-5 -285.8856 73.31592 -109.9739 -285.8856 -36.65796 -109.9739 -285.8856 36.65796 -109.9739 -285.8856 36.65796 -3.69599e-5 -285.8856 146.6318 -3.69599e-5 -285.8856 36.65796 -3.69599e-5 -285.8856 36.65796 109.9738 -285.8856 146.6318 109.9738 -285.8856 -36.65796 -3.69599e-5 -285.8856 -36.65796 -109.9739 -285.8856 -146.6318 -109.9739 -285.8856</float_array>
          <technique_common>
            <accessor source="#collision_pad1Mesh-mesh-positions-array" count="128" stride="3">
              <param name="X" type="float"/>
              <param name="Y" type="float"/>
              <param name="Z" type="float"/>
            </accessor>
          </technique_common>
        </source>
        <source id="collision_pad1Mesh-mesh-normals">
          <float_array id="collision_pad1Mesh-mesh-normals-array" count="144">0 0 1 0 0 1 0 0 1 0 0 1 0 0 1 0 0 1 0 0 1 0 0 1 0 0 1 0 0 1 0 0 1 0 0 1 0 0 1 0 0 1 0 0 1 0 0 1 0 0 1 0 0 1 0 0 1 0 0 1 0 0 1 0 0 1 0 0 1 0 0 1 1 0 0 1 0 0 0 1 0 0 1 0 -1 0 0 -1 0 0 0 1 0 0 1 0 0 0 -1 0 0 -1 0 0 -1 0 0 -1 0 0 -1 0 0 -1 0 0 -1 0 0 -1 0 0 -1 0 0 -1 0 0 -1 0 0 -1 0 0 -1 0 0 -1 0 0 -1 0 0 -1</float_array>
          <technique_common>
            <accessor source="#collision_pad1Mesh-mesh-normals-array" count="48" stride="3">
              <param name="X" type="float"/>
              <param name="Y" type="float"/>
              <param name="Z" type="float"/>
            </accessor>
          </technique_common>
        </source>
        <source id="collision_pad1Mesh-mesh-map-0">
          <float_array id="collision_pad1Mesh-mesh-map-0-array" count="288">0.5 0.9999 0.5 0.5 0.9999 0.5 10e-5 0.9999 10e-5 0.5 0.5 0.5 0.5 0.5 0.5 0.9999 10e-5 0.9999 0.5 10e-5 0.5 0.5 10e-5 0.5 0.5 0.5 0.5 10e-5 0.9999 10e-5 0.9999 10e-5 0.9999 0.5 0.5 0.5 0.9999 0.5 0.9999 0.9999 0.5 0.9999 10e-5 0.5 10e-5 10e-5 0.5 10e-5 0.5 0.9999 0.5 0.5 0.9999 0.5 10e-5 0.9999 10e-5 0.5 0.5 0.5 0.5 0.5 0.5 0.9999 10e-5 0.9999 0.5 10e-5 0.5 0.5 10e-5 0.5 0.5 0.5 0.5 10e-5 0.9999 10e-5 0.9999 10e-5 0.9999 0.5 0.5 0.5 0.9999 0.5 0.9999 0.9999 0.5 0.9999 10e-5 0.5 10e-5 10e-5 0.5 10e-5 0.5 0.9999 0.5 0.5 0.9999 0.5 10e-5 0.9999 10e-5 0.5 0.5 0.5 0.5 0.5 0.5 0.9999 10e-5 0.9999 0.5 10e-5 0.5 0.5 10e-5 0.5 0.5 0.5 0.5 10e-5 0.9999 10e-5 0.9999 10e-5 0.9999 0.5 0.5 0.5 0.9999 0.5 0.9999 0.9999 0.5 0.9999 10e-5 0.5 10e-5 10e-5 0.5 10e-5 0.5 0.5 0.5 0.9999 0.5 0.9999 0.5 0.9999 0.5 0.5 0.5 0.5 0.5 0.5 10e-5 0.5 10e-5 0.5 10e-5 0.5 0.5 0.5 0.5 0.5 0.5 0.5 0.5 10e-5 0.5 10e-5 0.5 10e-5 0.5 0.5 0.5 0.5 0.9999 0.5 0.5 0.5 0.5 0.5 0.5 0.5 0.9999 0.5 0.9999 0.5 0.5 0.9999 0.5 0.5 0.9999 0.5 10e-5 0.9999 10e-5 0.5 0.5 0.5 0.5 0.5 0.5 0.9999 10e-5 0.9999 0.5 10e-5 0.5 0.5 10e-5 0.5 0.5 0.5 0.5 10e-5 0.9999 10e-5 0.9999 10e-5 0.9999 0.5 0.5 0.5 0.9999 0.5 0.9999 0.9999 0.5 0.9999 10e-5 0.5 10e-5 10e-5 0.5 10e-5 0.5 0.9999 0.5 0.5 0.9999 0.5 10e-5 0.9999 10e-5 0.5 0.5 0.5 0.5 0.5 0.5 0.9999 10e-5 0.9999 0.5 10e-5 0.5 0.5 10e-5 0.5 0.5 0.5 0.5 10e-5 0.9999 10e-5 0.9999 10e-5 0.9999 0.5 0.5 0.5 0.9999 0.5 0.9999 0.9999 0.5 0.9999 10e-5 0.5 10e-5 10e-5 0.5 10e-5</float_array>
          <technique_common>
            <accessor source="#collision_pad1Mesh-mesh-map-0-array" count="144" stride="2">
              <param name="S" type="float"/>
              <param name="T" type="float"/>
            </accessor>
          </technique_common>
        </source>
        <vertices id="collision_pad1Mesh-mesh-vertices">
          <input semantic="POSITION" source="#collision_pad1Mesh-mesh-positions"/>
        </vertices>
        <polylist material="JoinedMaterial__2-material" count="48">
          <input semantic="VERTEX" source="#collision_pad1Mesh-mesh-vertices" offset="0"/>
          <input semantic="NORMAL" source="#collision_pad1Mesh-mesh-normals" offset="1"/>
          <input semantic="TEXCOORD" source="#collision_pad1Mesh-mesh-map-0" offset="2" set="0"/>
          <vcount>3 3 3 3 3 3 3 3 3 3 3 3 3 3 3 3 3 3 3 3 3 3 3 3 3 3 3 3 3 3 3 3 3 3 3 3 3 3 3 3 3 3 3 3 3 3 3 3 </vcount>
          <p>0 0 0 1 0 1 2 0 2 3 1 3 4 1 4 5 1 5 6 2 6 7 2 7 8 2 8 9 3 9 10 3 10 11 3 11 12 4 12 13 4 13 14 4 14 15 5 15 16 5 16 17 5 17 18 6 18 19 6 19 20 6 20 21 7 21 22 7 22 23 7 23 24 8 24 25 8 25 26 8 26 27 9 27 28 9 28 29 9 29 30 10 30 31 10 31 32 10 32 33 11 33 34 11 34 35 11 35 36 12 36 37 12 37 38 12 38 39 13 39 40 13 40 41 13 41 42 14 42 43 14 43 44 14 44 45 15 45 46 15 46 47 15 47 48 16 48 49 16 49 50 16 50 51 17 51 52 17 52 53 17 53 54 18 54 55 18 55 56 18 56 57 19 57 58 19 58 59 19 59 60 20 60 61 20 61 62 20 62 63 21 63 64 21 64 65 21 65 66 22 66 67 22 67 68 22 68 69 23 69 70 23 70 71 23 71 72 24 72 73 24 73 31 24 74 31 25 75 30 25 76 72 25 77 74 26 78 75 26 79 35 26 80 35 27 81 34 27 82 74 27 83 76 28 84 77 28 85 37 28 86 37 29 87 36 29 88 76 29 89 78 30 90 79 30 91 41 30 92 41 31 93 40 31 94 78 31 95 80 32 96 81 32 97 82 32 98 83 33 99 84 33 100 85 33 101 86 34 102 87 34 103 88 34 104 89 35 105 90 35 106 91 35 107 92 36 108 93 36 109 94 36 110 95 37 111 96 37 112 97 37 113 98 38 114 99 38 115 100 38 116 101 39 117 102 39 118 103 39 119 104 40 120 105 40 121 106 40 122 107 41 123 108 41 124 109 41 125 110 42 126 111 42 127 112 42 128 113 43 129 114 43 130 115 43 131 116 44 132 117 44 133 118 44 134 119 45 135 120 45 136 121 45 137 122 46 138 123 46 139 124 46 140 125 47 141 126 47 142 127 47 143</p>
        </polylist>
      </mesh>
    </geometry>
    <geometry id="Cube_014-mesh" name="Cube.014">
      <mesh>
        <source id="Cube_014-mesh-positions">
          <float_array id="Cube_014-mesh-positions-array" count="24">-1 -1 -1 -1 1 -1 1 1 -1 1 -1 -1 -1 -1 1 -1 1 1 1 1 1 1 -1 1</float_array>
          <technique_common>
            <accessor source="#Cube_014-mesh-positions-array" count="8" stride="3">
              <param name="X" type="float"/>
              <param name="Y" type="float"/>
              <param name="Z" type="float"/>
            </accessor>
          </technique_common>
        </source>
        <source id="Cube_014-mesh-normals">
          <float_array id="Cube_014-mesh-normals-array" count="36">-1 0 0 0 1 0 1 0 0 0 -1 0 0 0 -1 0 0 1 -1 0 0 0 1 0 1 0 0 0 -1 0 0 0 -1 0 0 1</float_array>
          <technique_common>
            <accessor source="#Cube_014-mesh-normals-array" count="12" stride="3">
              <param name="X" type="float"/>
              <param name="Y" type="float"/>
              <param name="Z" type="float"/>
            </accessor>
          </technique_common>
        </source>
        <source id="Cube_014-mesh-map-0">
          <float_array id="Cube_014-mesh-map-0-array" count="72">0.3333334 0.3333333 0.3333334 0 0.6666667 0 0 0.6666667 0 0.3333334 0.3333333 0.3333333 1.29143e-7 0.3333333 0 0 0.3333333 0 0.3333334 0.3333334 0.6666667 0.3333333 0.6666668 0.6666666 1 0 1 0.3333332 0.6666668 0.3333332 0 0.6666668 0.3333333 0.6666667 0.3333333 1 0.6666668 0.3333333 0.3333334 0.3333333 0.6666667 0 0.3333333 0.6666666 0 0.6666667 0.3333333 0.3333333 0.3333334 0.3333333 1.29143e-7 0.3333333 0.3333333 0 0.3333334 0.6666666 0.3333334 0.3333334 0.6666668 0.6666666 0.6666668 0 1 0 0.6666668 0.3333332 0 1 0 0.6666668 0.3333333 1</float_array>
          <technique_common>
            <accessor source="#Cube_014-mesh-map-0-array" count="36" stride="2">
              <param name="S" type="float"/>
              <param name="T" type="float"/>
            </accessor>
          </technique_common>
        </source>
        <vertices id="Cube_014-mesh-vertices">
          <input semantic="POSITION" source="#Cube_014-mesh-positions"/>
        </vertices>
        <polylist material="facade-material" count="12">
          <input semantic="VERTEX" source="#Cube_014-mesh-vertices" offset="0"/>
          <input semantic="NORMAL" source="#Cube_014-mesh-normals" offset="1"/>
          <input semantic="TEXCOORD" source="#Cube_014-mesh-map-0" offset="2" set="0"/>
          <vcount>3 3 3 3 3 3 3 3 3 3 3 3 </vcount>
          <p>4 0 0 5 0 1 1 0 2 5 1 3 6 1 4 2 1 5 6 2 6 7 2 7 3 2 8 7 3 9 4 3 10 0 3 11 0 4 12 1 4 13 2 4 14 7 5 15 6 5 16 5 5 17 0 6 18 4 6 19 1 6 20 1 7 21 5 7 22 2 7 23 2 8 24 6 8 25 3 8 26 3 9 27 7 9 28 0 9 29 3 10 30 0 10 31 2 10 32 4 11 33 7 11 34 5 11 35</p>
        </polylist>
      </mesh>
    </geometry>
  </library_geometries>
  <library_visual_scenes>
    <visual_scene id="Scene" name="Scene">
      <node id="collision_pad1" name="collision_pad1" type="NODE">
        <matrix sid="transform">1 0 0 0 0 1 -4.37115e-8 0 0 4.37115e-8 1 0 0 0 0 1</matrix>
        <instance_geometry url="#collision_pad1Mesh-mesh">
          <bind_material>
            <technique_common>
              <instance_material symbol="JoinedMaterial__2-material" target="#JoinedMaterial__2-material"/>
            </technique_common>
          </bind_material>
        </instance_geometry>
      </node>
      <node id="entrance_port01" name="entrance_port01" type="NODE">
        <matrix sid="transform">1 -1.34359e-7 -1.34359e-7 -6.86442e-5 1.34359e-7 1.94707e-7 1 510.8989 -1.34359e-7 -1 1.94707e-7 4.45396e-6 0 0 0 1</matrix>
      </node>
      <node id="loc_A001_p01_s0_50_b01" name="loc_A001_p01_s0_50_b01" type="NODE">
        <matrix sid="transform">-9.12591e-4 -0.9999996 1.48565e-6 111.4373 -9.8953e-10 -1.48565e-6 -1 450.2831 0.9999996 -9.12591e-4 3.66258e-10 0.3554119 0 0 0 1</matrix>
      </node>
      <node id="loc_A001_p01_s0_50_b02" name="loc_A001_p01_s0_50_b02" type="NODE">
        <matrix sid="transform">0.7064613 -0.7077517 1.21212e-6 79.04932 0 -1.71264e-6 -1 450.2831 0.7077517 0.7064613 -1.20991e-6 -78.54672 0 0 0 1</matrix>
      </node>
      <node id="loc_A001_p01_s0_50_b03" name="loc_A001_p01_s0_50_b03" type="NODE">
        <matrix sid="transform">0.9999996 -9.12368e-4 7.59014e-8 0.3553619 7.44476e-8 -1.5935e-6 -1 450.2831 9.12368e-4 0.9999996 -1.59343e-6 -111.4372 0 0 0 1</matrix>
      </node>
      <node id="loc_A001_p01_s0_50_b04" name="loc_A001_p01_s0_50_b04" type="NODE">
        <matrix sid="transform">0.7077516 0.7064614 -9.57264e-7 -78.54676 1.78814e-7 -1.53415e-6 -1 450.2831 -0.7064614 0.7077516 -1.21212e-6 -79.04929 0 0 0 1</matrix>
      </node>
      <node id="loc_A001_p01_s0_50_b05" name="loc_A001_p01_s0_50_b05" type="NODE">
        <matrix sid="transform">9.12146e-4 0.9999996 -1.47891e-6 -111.4373 1.49943e-7 -1.47905e-6 -1 450.2831 -0.9999996 9.12146e-4 -1.51292e-7 -0.3553162 0 0 0 1</matrix>
      </node>
      <node id="loc_A001_p01_s0_50_b06" name="loc_A001_p01_s0_50_b06" type="NODE">
        <matrix sid="transform">-0.7064617 0.7077513 -1.2965e-6 -79.04931 1.78814e-7 -1.65336e-6 -1 450.2831 -0.7077513 -0.7064617 1.04148e-6 78.5468 0 0 0 1</matrix>
      </node>
      <node id="loc_A001_p01_s0_50_b07" name="loc_A001_p01_s0_50_b07" type="NODE">
        <matrix sid="transform">-0.9999996 9.11864e-4 -7.58501e-8 -0.3553391 7.45058e-8 -1.47429e-6 -1 450.2831 -9.11864e-4 -0.9999996 1.47422e-6 111.4373 0 0 0 1</matrix>
      </node>
      <node id="loc_A001_p01_s0_50_b08" name="loc_A001_p01_s0_50_b08" type="NODE">
        <matrix sid="transform">-0.7077509 -0.7064621 1.04148e-6 78.54678 0 -1.47422e-6 -1 450.2831 0.7064621 -0.7077509 1.04338e-6 79.04933 0 0 0 1</matrix>
      </node>
      <node id="exit_port01" name="exit_port01" type="NODE">
        <matrix sid="transform">1 -1.34359e-7 -3.01992e-7 -6.04311e-5 3.01992e-7 1.94707e-7 1 449.7744 -1.34359e-7 -1 1.94707e-7 4.81173e-6 0 0 0 1</matrix>
      </node>
      <node id="loc_B001_p02_s0_50_b08" name="loc_B001_p02_s0_50_b08" type="NODE">
        <matrix sid="transform">-0.7077507 -0.7064623 1.04148e-6 78.5468 0 -1.47422e-6 -1 361.0183 0.7064623 -0.7077507 1.04338e-6 79.04934 0 0 0 1</matrix>
      </node>
      <node id="loc_B001_p02_s0_50_b07" name="loc_B001_p02_s0_50_b07" type="NODE">
        <matrix sid="transform">-0.9999996 9.11864e-4 -7.58501e-8 -0.3553271 7.45058e-8 -1.47429e-6 -1 361.0183 -9.11864e-4 -0.9999996 1.47422e-6 111.4373 0 0 0 1</matrix>
      </node>
      <node id="loc_B001_p02_s0_50_b06" name="loc_B001_p02_s0_50_b06" type="NODE">
        <matrix sid="transform">-0.7064617 0.7077513 -1.2965e-6 -79.04929 1.78814e-7 -1.65336e-6 -1 361.0183 -0.7077513 -0.7064617 1.04148e-6 78.54681 0 0 0 1</matrix>
      </node>
      <node id="loc_B001_p02_s0_50_b05" name="loc_B001_p02_s0_50_b05" type="NODE">
        <matrix sid="transform">9.12146e-4 0.9999996 -1.47893e-6 -111.4372 1.49943e-7 -1.47906e-6 -1 361.0183 -0.9999996 9.12146e-4 -1.51292e-7 -0.3553123 0 0 0 1</matrix>
      </node>
      <node id="loc_B001_p02_s0_50_b04" name="loc_B001_p02_s0_50_b04" type="NODE">
        <matrix sid="transform">0.7077516 0.7064614 -9.57264e-7 -78.54675 1.78814e-7 -1.53415e-6 -1 361.0183 -0.7064614 0.7077516 -1.21212e-6 -79.04928 0 0 0 1</matrix>
      </node>
      <node id="loc_B001_p02_s0_50_b03" name="loc_B001_p02_s0_50_b03" type="NODE">
        <matrix sid="transform">0.9999996 -9.12368e-4 7.59014e-8 0.3553739 7.44476e-8 -1.5935e-6 -1 361.0183 9.12368e-4 0.9999996 -1.59343e-6 -111.4372 0 0 0 1</matrix>
      </node>
      <node id="loc_B001_p02_s0_50_b02" name="loc_B001_p02_s0_50_b02" type="NODE">
        <matrix sid="transform">0.7064613 -0.7077517 1.21212e-6 79.04934 0 -1.71264e-6 -1 361.0183 0.7077517 0.7064613 -1.20991e-6 -78.54671 0 0 0 1</matrix>
      </node>
      <node id="loc_B001_p02_s0_50_b01" name="loc_B001_p02_s0_50_b01" type="NODE">
        <matrix sid="transform">-9.12591e-4 -0.9999996 1.48565e-6 111.4373 -9.8953e-10 -1.48565e-6 -1 361.0183 0.9999996 -9.12591e-4 3.66258e-10 0.3554158 0 0 0 1</matrix>
      </node>
      <node id="entrance_port02" name="entrance_port02" type="NODE">
        <matrix sid="transform">1 -1.34359e-7 -1.34359e-7 -6.86442e-5 1.34359e-7 1.94707e-7 1 510.8989 -1.34359e-7 -1 1.94707e-7 4.45396e-6 0 0 0 1</matrix>
      </node>
      <node id="exit_port02" name="exit_port02" type="NODE">
        <matrix sid="transform">1 -1.34359e-7 -3.01992e-7 -4.84894e-5 3.01992e-7 1.94707e-7 1 360.8954 -1.34359e-7 -1 1.94707e-7 8.69676e-6 0 0 0 1</matrix>
      </node>
      <node id="exit_port03" name="exit_port03" type="NODE">
        <matrix sid="transform">1 -1.34359e-7 -3.01992e-7 1.15856e-5 3.01992e-7 1.94707e-7 1 -86.2278 -1.34359e-7 -1 1.94707e-7 2.82411e-5 0 0 0 1</matrix>
      </node>
      <node id="loc_D001_p03_s0_50_b01" name="loc_D001_p03_s0_50_b01" type="NODE">
        <matrix sid="transform">-9.12591e-4 -0.9999996 1.48565e-6 111.4373 -9.8953e-10 -1.48565e-6 -1 -86.10487 0.9999996 -9.12591e-4 3.66258e-10 0.3554353 0 0 0 1</matrix>
      </node>
      <node id="loc_D001_p03_s0_50_b02" name="loc_D001_p03_s0_50_b02" type="NODE">
        <matrix sid="transform">0.7064613 -0.7077517 1.21212e-6 79.0494 0 -1.71264e-6 -1 -86.10487 0.7077517 0.7064613 -1.20991e-6 -78.54669 0 0 0 1</matrix>
      </node>
      <node id="loc_D001_p03_s0_50_b03" name="loc_D001_p03_s0_50_b03" type="NODE">
        <matrix sid="transform">0.9999996 -9.12368e-4 7.59014e-8 0.355434 7.44476e-8 -1.5935e-6 -1 -86.10487 9.12368e-4 0.9999996 -1.59343e-6 -111.4372 0 0 0 1</matrix>
      </node>
      <node id="loc_D001_p03_s0_50_b04" name="loc_D001_p03_s0_50_b04" type="NODE">
        <matrix sid="transform">0.7077516 0.7064614 -9.57264e-7 -78.54668 1.78814e-7 -1.53415e-6 -1 -86.10487 -0.7064614 0.7077516 -1.21212e-6 -79.04926 0 0 0 1</matrix>
      </node>
      <node id="loc_D001_p03_s0_50_b05" name="loc_D001_p03_s0_50_b05" type="NODE">
        <matrix sid="transform">9.12146e-4 0.9999996 -1.47894e-6 -111.4372 1.49943e-7 -1.47908e-6 -1 -86.10487 -0.9999996 9.12146e-4 -1.51292e-7 -0.3552927 0 0 0 1</matrix>
      </node>
      <node id="loc_D001_p03_s0_50_b06" name="loc_D001_p03_s0_50_b06" type="NODE">
        <matrix sid="transform">-0.7064617 0.7077513 -1.2965e-6 -79.04923 1.78814e-7 -1.65336e-6 -1 -86.10487 -0.7077513 -0.7064617 1.04148e-6 78.54683 0 0 0 1</matrix>
      </node>
      <node id="loc_D001_p03_s0_50_b07" name="loc_D001_p03_s0_50_b07" type="NODE">
        <matrix sid="transform">-0.9999996 9.11864e-4 -7.58501e-8 -0.355267 7.45058e-8 -1.47429e-6 -1 -86.10487 -9.11864e-4 -0.9999996 1.47422e-6 111.4373 0 0 0 1</matrix>
      </node>
      <node id="loc_D001_p03_s0_50_b08" name="loc_D001_p03_s0_50_b08" type="NODE">
        <matrix sid="transform">-0.7077504 -0.7064626 1.04148e-6 78.54686 0 -1.47422e-6 -1 -86.10487 0.7064626 -0.7077504 1.04338e-6 79.04936 0 0 0 1</matrix>
      </node>
      <node id="entrance_port03" name="entrance_port03" type="NODE">
        <matrix sid="transform">1 -1.34359e-7 -1.34359e-7 -6.86442e-5 1.34359e-7 1.94707e-7 1 510.8989 -1.34359e-7 -1 1.94707e-7 4.45396e-6 0 0 0 1</matrix>
      </node>
      <node id="exit_port04" name="exit_port04" type="NODE">
        <matrix sid="transform">1 -1.34359e-7 -3.01992e-7 -3.04377e-5 3.01992e-7 1.94707e-7 1 226.5409 -1.34359e-7 -1 1.94707e-7 1.45696e-5 0 0 0 1</matrix>
      </node>
      <node id="loc_C001_p04_s0_100_b04" name="loc_C001_p04_s0_100_b04" type="NODE">
        <matrix sid="transform">-9.12591e-4 -0.9999996 1.48565e-6 111.4373 -9.8953e-10 -1.48565e-6 -1 226.6638 0.9999996 -9.12591e-4 3.66258e-10 0.3554217 0 0 0 1</matrix>
      </node>
      <node id="loc_C001_p04_s0_100_b03" name="loc_C001_p04_s0_100_b03" type="NODE">
        <matrix sid="transform">0.9999996 -9.12368e-4 7.59014e-8 0.355392 7.44476e-8 -1.5935e-6 -1 226.6638 9.12368e-4 0.9999996 -1.59343e-6 -111.4372 0 0 0 1</matrix>
      </node>
      <node id="loc_C001_p04_s0_100_b02" name="loc_C001_p04_s0_100_b02" type="NODE">
        <matrix sid="transform">9.12146e-4 0.9999996 -1.47894e-6 -111.4372 1.49943e-7 -1.47908e-6 -1 226.6638 -0.9999996 9.12146e-4 -1.51292e-7 -0.3553064 0 0 0 1</matrix>
      </node>
      <node id="loc_C001_p04_s0_100_b01" name="loc_C001_p04_s0_100_b01" type="NODE">
        <matrix sid="transform">-0.9999996 9.11864e-4 -7.58501e-8 -0.355309 7.45058e-8 -1.47429e-6 -1 226.6638 -9.11864e-4 -0.9999996 1.47422e-6 111.4373 0 0 0 1</matrix>
      </node>
      <node id="entrance_port04" name="entrance_port04" type="NODE">
        <matrix sid="transform">1 -1.34359e-7 -1.34359e-7 -6.86442e-5 1.34359e-7 1.94707e-7 1 510.8989 -1.34359e-7 -1 1.94707e-7 4.45396e-6 0 0 0 1</matrix>
      </node>
      <node id="entrance_port05" name="entrance_port05" type="NODE">
        <matrix sid="transform">1 -1.34359e-7 -1.34359e-7 -6.86442e-5 1.34359e-7 1.94707e-7 1 510.8989 -1.34359e-7 -1 1.94707e-7 4.45396e-6 0 0 0 1</matrix>
      </node>
      <node id="loc_E001_p05_s0_33_b41" name="loc_E001_p05_s0_33_b41" type="NODE">
        <matrix sid="transform">0.921849 -0.3875492 6.79942e-7 40.77646 1.49427e-8 -1.71892e-6 -1 -280.2508 0.3875492 0.921849 -1.5788e-6 -96.33852 0 0 0 1</matrix>
      </node>
      <node id="exit_port05" name="exit_port05" type="NODE">
        <matrix sid="transform">1 -1.34359e-7 -3.01992e-7 3.76708e-5 3.01992e-7 1.94707e-7 1 -280.3737 -1.34359e-7 -1 1.94707e-7 3.67275e-5 0 0 0 1</matrix>
      </node>
      <node id="loc_E001_p05_s0_33_b42" name="loc_E001_p05_s0_33_b42" type="NODE">
        <matrix sid="transform">0.9999948 0.003212243 2.86016e-9 -0.08221817 8.36154e-9 -1.71261e-6 -1 -280.2508 -0.003212243 0.9999948 -1.71263e-6 -104.6127 0 0 0 1</matrix>
      </node>
      <node id="loc_E001_p05_s0_33_b43" name="loc_E001_p05_s0_33_b43" type="NODE">
        <matrix sid="transform">0.9202005 0.3914473 -6.91415e-7 -40.71669 -1.93298e-8 -1.72086e-6 -1 -280.2508 -0.3914473 0.9202005 -1.57597e-6 -96.36376 0 0 0 1</matrix>
      </node>
      <node id="loc_E001_p05_s0_33_b46_001" name="loc_E001_p05_s0_33_b46_001" type="NODE">
        <matrix sid="transform">0.9202005 0.3914473 -6.91415e-7 -40.7167 -1.93298e-8 -1.72086e-6 -1 -219.3728 -0.3914473 0.9202005 -1.57597e-6 -96.36376 0 0 0 1</matrix>
      </node>
      <node id="loc_E001_p05_s0_33_b45_001" name="loc_E001_p05_s0_33_b45_001" type="NODE">
        <matrix sid="transform">0.9999948 0.003212243 2.86016e-9 -0.08222635 8.36154e-9 -1.71261e-6 -1 -219.3728 -0.003212243 0.9999948 -1.71263e-6 -104.6127 0 0 0 1</matrix>
      </node>
      <node id="loc_E001_p05_s0_33_b44" name="loc_E001_p05_s0_33_b44" type="NODE">
        <matrix sid="transform">0.921849 -0.3875492 6.79942e-7 40.77645 1.49427e-8 -1.71892e-6 -1 -219.3728 0.3875492 0.921849 -1.5788e-6 -96.33852 0 0 0 1</matrix>
      </node>
      <node id="loc_E001_p05_s0_33_b47" name="loc_E001_p05_s0_33_b47" type="NODE">
        <matrix sid="transform">0.921849 -0.3875492 6.79942e-7 40.77645 1.49427e-8 -1.71892e-6 -1 -160.1249 0.3875492 0.921849 -1.5788e-6 -96.33852 0 0 0 1</matrix>
      </node>
      <node id="loc_E001_p05_s0_33_b46" name="loc_E001_p05_s0_33_b46" type="NODE">
        <matrix sid="transform">0.9999948 0.003212243 2.86016e-9 -0.08223431 8.36154e-9 -1.71261e-6 -1 -160.1249 -0.003212243 0.9999948 -1.71263e-6 -104.6127 0 0 0 1</matrix>
      </node>
      <node id="loc_E001_p05_s0_33_b45" name="loc_E001_p05_s0_33_b45" type="NODE">
        <matrix sid="transform">0.9202005 0.3914473 -6.91415e-7 -40.71671 -1.93298e-8 -1.72086e-6 -1 -160.1249 -0.3914473 0.9202005 -1.57597e-6 -96.36376 0 0 0 1</matrix>
      </node>
      <node id="loc_E001_p05_s0_33_b19" name="loc_E001_p05_s0_33_b19" type="NODE">
        <matrix sid="transform">-0.3914473 0.9202005 -1.45613e-6 -96.36375 -2.18674e-7 -1.67543e-6 -1 -160.1249 -0.9202005 -0.3914473 8.57065e-7 40.71671 0 0 0 1</matrix>
      </node>
      <node id="loc_E001_p05_s0_33_b18" name="loc_E001_p05_s0_33_b18" type="NODE">
        <matrix sid="transform">-0.003212132 0.9999948 -1.59868e-6 -104.6127 -1.69997e-7 -1.59923e-6 -1 -160.1249 -0.9999948 -0.003212132 1.75133e-7 0.08227539 0 0 0 1</matrix>
      </node>
      <node id="loc_E001_p05_s0_33_b17" name="loc_E001_p05_s0_33_b17" type="NODE">
        <matrix sid="transform">0.3875493 0.921849 -1.43359e-6 -96.3385 -1.14081e-7 -1.50716e-6 -1 -160.1249 -0.921849 0.3875493 -4.78935e-7 -40.77642 0 0 0 1</matrix>
      </node>
      <node id="loc_E001_p05_s0_33_b14" name="loc_E001_p05_s0_33_b14" type="NODE">
        <matrix sid="transform">0.3875493 0.921849 -1.43359e-6 -96.33849 -1.14081e-7 -1.50716e-6 -1 -219.3728 -0.921849 0.3875493 -4.78935e-7 -40.77642 0 0 0 1</matrix>
      </node>
      <node id="loc_E001_p05_s0_33_b15" name="loc_E001_p05_s0_33_b15" type="NODE">
        <matrix sid="transform">-0.003212132 0.9999948 -1.59868e-6 -104.6127 -1.69997e-7 -1.59923e-6 -1 -219.3728 -0.9999948 -0.003212132 1.75133e-7 0.08227539 0 0 0 1</matrix>
      </node>
      <node id="loc_E001_p05_s0_33_b16" name="loc_E001_p05_s0_33_b16" type="NODE">
        <matrix sid="transform">-0.3914473 0.9202005 -1.45613e-6 -96.36374 -2.18674e-7 -1.67543e-6 -1 -219.3728 -0.9202005 -0.3914473 8.57065e-7 40.71671 0 0 0 1</matrix>
      </node>
      <node id="loc_E001_p05_s0_33_b13" name="loc_E001_p05_s0_33_b13" type="NODE">
        <matrix sid="transform">-0.3914473 0.9202005 -1.45613e-6 -96.36373 -2.18674e-7 -1.67543e-6 -1 -280.2508 -0.9202005 -0.3914473 8.57065e-7 40.71671 0 0 0 1</matrix>
      </node>
      <node id="loc_E001_p05_s0_33_b12" name="loc_E001_p05_s0_33_b12" type="NODE">
        <matrix sid="transform">-0.003212132 0.9999948 -1.59868e-6 -104.6127 -1.69997e-7 -1.59923e-6 -1 -280.2508 -0.9999948 -0.003212132 1.75133e-7 0.08228302 0 0 0 1</matrix>
      </node>
      <node id="loc_E001_p05_s0_33_b11" name="loc_E001_p05_s0_33_b11" type="NODE">
        <matrix sid="transform">0.3875493 0.921849 -1.43359e-6 -96.33849 -1.14081e-7 -1.50716e-6 -1 -280.2508 -0.921849 0.3875493 -4.78935e-7 -40.77642 0 0 0 1</matrix>
      </node>
      <node id="loc_E001_p05_s0_33_b21" name="loc_E001_p05_s0_33_b21" type="NODE">
        <matrix sid="transform">-0.921849 0.3875492 -3.74472e-7 -40.7764 -2.66655e-7 -1.60054e-6 -1 -280.2508 -0.3875492 -0.921849 1.5788e-6 96.33853 0 0 0 1</matrix>
      </node>
      <node id="loc_E001_p05_s0_33_b22" name="loc_E001_p05_s0_33_b22" type="NODE">
        <matrix sid="transform">-0.9999948 -0.003212295 2.65958e-7 0.08232117 -2.60072e-7 -1.83269e-6 -1 -280.2507 0.003212295 -0.9999948 1.83184e-6 104.6128 0 0 0 1</matrix>
      </node>
      <node id="loc_E001_p05_s0_33_b23" name="loc_E001_p05_s0_33_b23" type="NODE">
        <matrix sid="transform">-0.9202005 -0.3914473 9.69608e-7 40.71671 -2.32382e-7 -1.9307e-6 -1 -280.2507 0.3914473 -0.9202005 1.68567e-6 96.36378 0 0 0 1</matrix>
      </node>
      <node id="loc_E001_p05_s0_33_b26" name="loc_E001_p05_s0_33_b26" type="NODE">
        <matrix sid="transform">-0.9202005 -0.3914473 9.69608e-7 40.71671 -2.32382e-7 -1.9307e-6 -1 -219.3727 0.3914473 -0.9202005 1.68567e-6 96.36378 0 0 0 1</matrix>
      </node>
      <node id="loc_E001_p05_s0_33_b25" name="loc_E001_p05_s0_33_b25" type="NODE">
        <matrix sid="transform">-0.9999948 -0.003212295 2.65958e-7 0.08230591 -2.60072e-7 -1.83269e-6 -1 -219.3728 0.003212295 -0.9999948 1.83184e-6 104.6128 0 0 0 1</matrix>
      </node>
      <node id="loc_E001_p05_s0_33_b24" name="loc_E001_p05_s0_33_b24" type="NODE">
        <matrix sid="transform">-0.921849 0.3875492 -3.74472e-7 -40.77641 -2.66655e-7 -1.60054e-6 -1 -219.3728 -0.3875492 -0.921849 1.5788e-6 96.33852 0 0 0 1</matrix>
      </node>
      <node id="loc_E001_p05_s0_33_b27" name="loc_E001_p05_s0_33_b27" type="NODE">
        <matrix sid="transform">-0.921849 0.3875492 -3.74472e-7 -40.77642 -2.66655e-7 -1.60054e-6 -1 -160.1249 -0.3875492 -0.921849 1.5788e-6 96.33852 0 0 0 1</matrix>
      </node>
      <node id="loc_E001_p05_s0_33_b28" name="loc_E001_p05_s0_33_b28" type="NODE">
        <matrix sid="transform">-0.9999948 -0.003212295 2.65958e-7 0.08229828 -2.60072e-7 -1.83269e-6 -1 -160.1249 0.003212295 -0.9999948 1.83184e-6 104.6128 0 0 0 1</matrix>
      </node>
      <node id="loc_E001_p05_s0_33_b29" name="loc_E001_p05_s0_33_b29" type="NODE">
        <matrix sid="transform">-0.9202005 -0.3914473 9.69608e-7 40.7167 -2.32382e-7 -1.9307e-6 -1 -160.1249 0.3914473 -0.9202005 1.68567e-6 96.36378 0 0 0 1</matrix>
      </node>
      <node id="loc_E001_p05_s0_33_b39" name="loc_E001_p05_s0_33_b39" type="NODE">
        <matrix sid="transform">0.3914475 -0.9202005 1.82066e-6 96.3638 -3.30385e-8 -1.9926e-6 -1 -160.1249 0.9202005 0.3914475 -8.10402e-7 -40.71665 0 0 0 1</matrix>
      </node>
      <node id="loc_E001_p05_s0_33_b38" name="loc_E001_p05_s0_33_b38" type="NODE">
        <matrix sid="transform">0.003212458 -0.9999948 1.90477e-6 104.6128 -8.17177e-8 -1.90504e-6 -1 -160.1249 0.9999948 0.003212458 -8.78371e-8 -0.08227539 0 0 0 1</matrix>
      </node>
      <node id="loc_E001_p05_s0_33_b37" name="loc_E001_p05_s0_33_b37" type="NODE">
        <matrix sid="transform">-0.3875488 -0.9218492 1.71414e-6 96.33853 -1.37631e-7 -1.8016e-6 -1 -160.1249 0.9218492 -0.3875488 5.71333e-7 40.77645 0 0 0 1</matrix>
      </node>
      <node id="loc_E001_p05_s0_33_b34" name="loc_E001_p05_s0_33_b34" type="NODE">
        <matrix sid="transform">-0.3875488 -0.9218492 1.71414e-6 96.33852 -1.37631e-7 -1.8016e-6 -1 -219.3727 0.9218492 -0.3875488 5.71333e-7 40.77645 0 0 0 1</matrix>
      </node>
      <node id="loc_E001_p05_s0_33_b35" name="loc_E001_p05_s0_33_b35" type="NODE">
        <matrix sid="transform">0.003212458 -0.9999948 1.90477e-6 104.6128 -8.17177e-8 -1.90504e-6 -1 -219.3727 0.9999948 0.003212458 -8.78371e-8 -0.08227539 0 0 0 1</matrix>
      </node>
      <node id="loc_E001_p05_s0_33_b36" name="loc_E001_p05_s0_33_b36" type="NODE">
        <matrix sid="transform">0.3914475 -0.9202005 1.82066e-6 96.3638 -3.30385e-8 -1.9926e-6 -1 -219.3727 0.9202005 0.3914475 -8.10402e-7 -40.71664 0 0 0 1</matrix>
      </node>
      <node id="loc_E001_p05_s0_33_b33" name="loc_E001_p05_s0_33_b33" type="NODE">
        <matrix sid="transform">0.3914475 -0.9202005 1.82066e-6 96.36382 -3.30385e-8 -1.9926e-6 -1 -280.2507 0.9202005 0.3914475 -8.10402e-7 -40.71664 0 0 0 1</matrix>
      </node>
      <node id="loc_E001_p05_s0_33_b32" name="loc_E001_p05_s0_33_b32" type="NODE">
        <matrix sid="transform">0.003212458 -0.9999948 1.90477e-6 104.6128 -8.17177e-8 -1.90504e-6 -1 -280.2507 0.9999948 0.003212458 -8.78371e-8 -0.08227539 0 0 0 1</matrix>
      </node>
      <node id="loc_E001_p05_s0_33_b31" name="loc_E001_p05_s0_33_b31" type="NODE">
        <matrix sid="transform">-0.3875488 -0.9218492 1.71414e-6 96.33855 -1.37631e-7 -1.8016e-6 -1 -280.2508 0.9218492 -0.3875488 5.71333e-7 40.77645 0 0 0 1</matrix>
      </node>
      <node id="dummy" name="dummy" type="NODE">
        <matrix sid="transform">1 0 0 -5.22162e-6 0 1 0 118.4497 0 0 1 41.70764 0 0 0 1</matrix>
        <instance_geometry url="#Cube_014-mesh">
          <bind_material>
            <technique_common>
              <instance_material symbol="facade-material" target="#facade-material"/>
            </technique_common>
          </bind_material>
        </instance_geometry>
      </node>
    </visual_scene>
  </library_visual_scenes>
  <scene>
    <instance_visual_scene url="#Scene"/>
  </scene>
</COLLADA>